     0    3.9831
0.0045    3.9679
0.0090    3.9473
0.0135    3.5618
0.0180    2.6450
0.0225    1.9459
0.0270    1.4264
0.0315    1.0935
0.0360    0.8412
0.0405    0.6533
0.0450    0.5319
0.0495    0.4203
0.0540    0.3430
0.0585    0.2846
0.0630    0.2366
0.0675    0.1933
0.0720    0.1651
0.0765    0.1384
0.0810    0.1194
0.0855    0.1014
0.0900    0.0888
0.0945    0.0783
0.0990    0.0688
0.1035    0.0601
0.1080    0.0530
0.1125    0.0491
0.1170    0.0432
0.1215    0.0393
0.1260    0.0366
0.1305    0.0350
0.1350    0.0317
0.1395    0.0301
0.1440    0.0272
0.1485    0.0255
0.1530    0.0238
0.1575    0.0233
0.1620    0.0229
0.1665    0.0213
0.1710    0.0203
0.1755    0.0181
0.1800    0.0177
0.1845    0.0173
0.1890    0.0155
0.1935    0.0159
0.1980    0.0149
0.2025    0.0143
0.2070    0.0149
0.2115    0.0136
0.2160    0.0137
0.2205    0.0139
0.2250    0.0122
0.2295    0.0132
0.2340    0.0133
0.2385    0.0124
0.2430    0.0120
0.2475    0.0116
0.2520    0.0115
0.2565    0.0113
0.2610    0.0112
0.2655    0.0104
0.2700    0.0118
0.2745    0.0104
0.2790    0.0104
0.2835    0.0108
0.2880    0.0116
0.2925    0.0097
0.2970    0.0092
0.3015    0.0100
0.3060    0.0092
0.3105    0.0103
0.3150    0.0078
0.3195    0.0096
0.3240    0.0096
0.3285    0.0092
0.3330    0.0095
0.3375    0.0097
0.3420    0.0081
0.3465    0.0097
0.3510    0.0104
0.3555    0.0083
0.3600    0.0090
0.3645    0.0097
0.3690    0.0085
0.3735    0.0082
0.3780    0.0084
0.3825    0.0085
0.3870    0.0078
0.3915    0.0083
0.3960    0.0083
0.4005    0.0084
0.4050    0.0074
0.4095    0.0083
0.4140    0.0096
0.4185    0.0084
0.4230    0.0083
0.4275    0.0088
0.4320    0.0074
0.4365    0.0084
0.4410    0.0074
0.4455    0.0075
