$POSITION,1
$IRPROXIMITY,0,25840,37,8,906,3980,3987,1470,0,55,25,2900,2957
$IRPROXIMITY,1,25906,46,9,909,3979,3986,1442,3,80,54,2906,2973
$IRPROXIMITY,2,26005,43,9,904,3980,3989,1426,2,60,52,2909,2988
$IRPROXIMITY,3,26137,43,11,910,3982,3987,1430,3,83,53,2901,3001
$IRPROXIMITY,4,26236,49,4,907,3978,3988,1430,3,68,51,2911,3000
$IRPROXIMITY,5,26302,39,12,911,3981,3985,1431,4,63,51,2920,2993
$IRPROXIMITY,6,26401,40,12,894,3980,3984,1433,4,87,45,2922,3002
$IRPROXIMITY,7,26500,47,17,892,3979,3987,1419,1,65,53,2919,3005
$IRPROXIMITY,8,26599,45,9,898,3980,3984,1426,3,93,49,2916,3011
$IRPROXIMITY,9,26731,45,14,900,3979,3987,1427,0,80,56,2918,3005
$POSITION,2
$IRPROXIMITY,0,27490,38,4,580,3965,3970,926,0,67,32,3119,3212
$IRPROXIMITY,1,27622,49,12,605,3966,3970,953,2,53,52,3127,3236
$IRPROXIMITY,2,27688,49,9,606,3964,3969,959,2,73,49,3143,3227
$IRPROXIMITY,3,27754,44,10,599,3966,3972,955,3,63,49,3131,3227
$IRPROXIMITY,4,27886,44,11,595,3967,3970,946,2,71,55,3143,3230
$IRPROXIMITY,5,27952,50,9,597,3966,3970,948,2,70,52,3135,3221
$IRPROXIMITY,6,28084,41,1,604,3968,3969,949,3,76,46,3131,3228
$IRPROXIMITY,7,28183,41,8,607,3965,3969,959,2,67,50,3139,3232
$IRPROXIMITY,8,28315,42,8,591,3966,3970,945,2,74,46,3144,3235
$IRPROXIMITY,9,28381,43,11,599,3965,3972,956,2,80,42,3132,3226
$POSITION,3
$IRPROXIMITY,0,29140,38,6,366,3941,3952,724,0,53,33,3226,3131
$IRPROXIMITY,1,29239,46,12,388,3941,3951,760,1,68,52,3250,3150
$IRPROXIMITY,2,29305,49,12,384,3944,3952,759,1,64,49,3250,3148
$IRPROXIMITY,3,29404,41,12,382,3943,3954,749,0,61,48,3245,3153
$IRPROXIMITY,4,29536,45,7,385,3943,3952,757,3,68,46,3253,3146
$IRPROXIMITY,5,29602,50,10,379,3942,3954,765,2,70,47,3254,3161
$IRPROXIMITY,6,29734,51,12,376,3942,3954,760,3,72,53,3257,3151
$IRPROXIMITY,7,29767,41,7,382,3943,3952,753,2,72,49,3255,3152
$IRPROXIMITY,8,29899,46,13,379,3943,3953,751,5,62,50,3260,3146
$IRPROXIMITY,9,29965,40,2,387,3938,3952,755,2,68,47,3248,3153
$POSITION,4
$IRPROXIMITY,0,30988,38,5,258,3364,3743,561,0,75,25,3206,3107
$IRPROXIMITY,1,31120,45,11,270,3374,3751,563,1,80,48,3234,3129
$IRPROXIMITY,2,31219,46,4,267,3378,3758,563,0,67,46,3214,3128
$IRPROXIMITY,3,31285,45,10,272,3363,3756,565,2,59,53,3218,3140
$IRPROXIMITY,4,31384,49,14,271,3377,3757,564,3,70,52,3217,3123
$IRPROXIMITY,5,31483,38,4,267,3365,3760,564,2,78,50,3227,3129
$IRPROXIMITY,6,31582,50,11,272,3378,3756,566,0,61,51,3224,3122
$IRPROXIMITY,7,31648,46,15,264,3369,3754,568,2,80,50,3229,3140
$IRPROXIMITY,8,31747,48,9,265,3369,3747,563,0,74,50,3219,3132
$IRPROXIMITY,9,31846,44,13,268,3367,3750,556,3,73,54,3223,3130
$POSITION,5
$IRPROXIMITY,0,32671,37,6,162,2362,2984,456,0,69,33,3070,3085
$IRPROXIMITY,1,32770,44,12,166,2365,2991,494,2,62,46,3085,3102
$IRPROXIMITY,2,32836,46,3,173,2371,2998,494,0,66,45,3087,3101
$IRPROXIMITY,3,32935,50,10,166,2365,2988,480,0,79,48,3001,3098
$IRPROXIMITY,4,33034,44,10,177,2358,2879,465,0,80,55,2972,3079
$IRPROXIMITY,5,33166,36,13,175,2360,2892,463,1,72,51,2964,3090
$IRPROXIMITY,6,33265,48,10,178,2363,2883,464,0,73,49,2974,3079
$IRPROXIMITY,7,33298,49,9,170,2361,2885,466,2,78,52,2974,3078
$IRPROXIMITY,8,33397,53,10,174,2359,2890,469,2,72,48,2974,3081
$IRPROXIMITY,9,33529,47,11,178,2362,2884,466,0,78,54,2971,3066
$POSITION,6
$IRPROXIMITY,0,34321,35,3,108,1692,2194,375,0,71,26,3211,3023
$IRPROXIMITY,1,34453,47,7,119,1723,2223,404,3,71,52,3205,3051
$IRPROXIMITY,2,34552,46,6,119,1720,2224,398,0,60,51,3205,3051
$IRPROXIMITY,3,34618,46,6,118,1723,2222,404,3,75,48,3205,3050
$IRPROXIMITY,4,34750,36,11,123,1706,2199,400,4,77,50,3204,3061
$IRPROXIMITY,5,34816,50,9,123,1693,2171,392,1,75,55,3186,3057
$IRPROXIMITY,6,34948,48,12,121,1689,2168,393,4,67,53,3185,3061
$IRPROXIMITY,7,35014,50,10,118,1694,2169,393,1,82,48,3171,3068
$IRPROXIMITY,8,35146,45,12,124,1696,2165,381,0,57,51,3178,3073
$IRPROXIMITY,9,35212,51,11,121,1691,2156,393,0,75,49,3174,3064
$POSITION,7
$IRPROXIMITY,0,36103,44,4,87,1216,1587,293,0,66,33,3218,2982
$IRPROXIMITY,1,36169,44,6,81,1231,1619,320,3,75,55,3230,2998
$IRPROXIMITY,2,36268,42,8,79,1240,1609,325,0,72,40,3241,3011
$IRPROXIMITY,3,36367,40,3,80,1236,1622,323,1,72,45,3238,3008
$IRPROXIMITY,4,36433,46,13,89,1251,1619,315,1,75,48,3243,3012
$IRPROXIMITY,5,36532,49,11,75,1241,1617,320,1,81,50,3233,3008
$IRPROXIMITY,6,36631,36,10,90,1251,1619,322,0,81,50,3238,2998
$IRPROXIMITY,7,36730,40,15,83,1244,1614,325,0,73,50,3234,2995
$IRPROXIMITY,8,36862,50,9,81,1249,1611,317,0,64,53,3243,3006
$IRPROXIMITY,9,36961,42,10,81,1232,1620,310,0,78,55,3249,3015
$POSITION,8
$IRPROXIMITY,0,37786,39,3,52,936,1222,232,0,68,31,2950,3059
$IRPROXIMITY,1,37885,48,10,66,957,1229,265,3,74,48,2967,3081
$IRPROXIMITY,2,37984,42,13,66,956,1246,270,0,69,51,2972,3090
$IRPROXIMITY,3,38083,38,11,65,947,1236,275,2,70,54,2978,3090
$IRPROXIMITY,4,38182,48,12,63,953,1234,260,1,74,48,2971,3085
$IRPROXIMITY,5,38248,37,8,55,957,1236,272,0,71,51,2979,3076
$IRPROXIMITY,6,38347,47,12,57,953,1236,261,4,60,52,2979,3092
$IRPROXIMITY,7,38479,42,15,67,949,1244,262,0,71,54,2983,3076
$IRPROXIMITY,8,38545,45,12,56,954,1243,273,2,55,48,2971,3076
$IRPROXIMITY,9,38677,50,10,60,949,1232,271,2,70,44,2982,3087
$POSITION,9
$IRPROXIMITY,0,39634,43,7,50,707,939,226,0,65,35,3103,3067
$IRPROXIMITY,1,39667,40,9,45,725,968,231,3,65,51,3105,3078
$IRPROXIMITY,2,39766,50,1,48,728,957,224,3,73,46,3103,3087
$IRPROXIMITY,3,39865,50,19,51,734,952,223,0,79,41,3105,3089
$IRPROXIMITY,4,39997,44,4,40,735,950,234,3,70,50,3092,3082
$IRPROXIMITY,5,40063,41,8,52,730,966,227,2,62,53,3103,3086
$IRPROXIMITY,6,40195,45,12,45,734,954,220,2,71,43,3092,3082
$IRPROXIMITY,7,40261,50,11,45,730,955,226,1,74,49,3095,3086
$IRPROXIMITY,8,40393,45,15,44,722,955,227,5,77,57,3091,3078
$IRPROXIMITY,9,40492,43,9,46,732,951,217,1,73,53,3094,3080
$POSITION,10
$IRPROXIMITY,0,41416,47,12,35,544,758,176,2,61,47,3078,2828
$IRPROXIMITY,1,41515,41,12,45,564,756,196,0,80,52,3079,2822
$IRPROXIMITY,2,41581,45,13,41,562,755,198,2,76,52,3090,2811
$IRPROXIMITY,3,41713,48,5,40,560,748,197,4,77,50,3080,2810
$IRPROXIMITY,4,41779,49,7,38,554,748,203,4,75,47,3081,2812
$IRPROXIMITY,5,41911,45,8,33,554,745,193,4,68,51,3083,2816
$IRPROXIMITY,6,42010,49,7,32,557,753,197,3,81,49,3095,2801
$IRPROXIMITY,7,42076,44,12,40,553,759,190,3,68,50,3087,2823
$IRPROXIMITY,8,42208,46,5,28,555,745,194,2,68,53,3090,2809
$IRPROXIMITY,9,42274,40,11,38,550,746,195,0,91,53,3080,2815
$POSITION,11
$IRPROXIMITY,0,43000,49,4,15,448,581,131,0,66,29,3359,2815
$IRPROXIMITY,1,43099,42,14,27,476,606,160,3,68,44,3377,2835
$IRPROXIMITY,2,43231,47,10,31,469,607,157,3,80,54,3366,2834
$IRPROXIMITY,3,43297,49,11,39,477,601,162,1,48,51,3374,2842
$IRPROXIMITY,4,43396,39,9,30,470,597,162,4,68,53,3376,2844
$IRPROXIMITY,5,43495,41,12,28,466,600,167,1,70,51,3374,2848
$IRPROXIMITY,6,43594,44,9,34,462,590,170,2,77,47,3372,2893
$IRPROXIMITY,7,43726,49,12,29,472,598,165,3,70,48,3360,2892
$IRPROXIMITY,8,43825,47,3,34,462,603,162,1,63,45,3367,2907
$IRPROXIMITY,9,43924,38,10,32,463,590,166,4,67,49,3362,2907
$POSITION,12
$IRPROXIMITY,0,44650,32,9,12,348,442,123,0,65,34,3021,2718
$IRPROXIMITY,1,44716,46,8,28,373,476,146,2,75,52,3054,2713
$IRPROXIMITY,2,44815,45,14,30,373,475,147,0,88,53,3054,2711
$IRPROXIMITY,3,44947,50,11,27,367,473,150,1,78,51,3049,2706
$IRPROXIMITY,4,45046,47,8,26,368,476,143,0,75,48,3054,2710
$IRPROXIMITY,5,45145,48,12,26,366,480,151,1,70,49,3048,2709
$IRPROXIMITY,6,45244,54,9,27,366,480,150,3,71,49,3049,2714
$IRPROXIMITY,7,45310,44,10,25,361,481,145,2,72,44,3048,2710
$IRPROXIMITY,8,45442,45,11,29,367,484,150,2,69,51,3052,2718
$IRPROXIMITY,9,45508,34,12,26,374,475,143,1,76,52,3050,2703
$POSITION,13
$IRPROXIMITY,0,46300,43,7,18,299,342,104,0,69,26,3119,2700
$IRPROXIMITY,1,46432,49,12,23,323,378,127,4,66,47,3135,2724
$IRPROXIMITY,2,46531,50,10,23,314,369,128,2,77,50,3138,2714
$IRPROXIMITY,3,46630,50,14,29,319,377,125,2,58,47,3132,2722
$IRPROXIMITY,4,46696,46,8,29,323,378,125,4,74,48,3138,2719
$IRPROXIMITY,5,46828,44,10,27,309,365,117,1,82,54,3130,2725
$IRPROXIMITY,6,46894,43,12,22,313,373,129,1,70,52,3146,2716
$IRPROXIMITY,7,46960,50,12,21,319,379,120,2,58,41,3132,2722
$IRPROXIMITY,8,47125,45,9,24,320,373,129,3,70,46,3147,2723
$IRPROXIMITY,9,47191,50,12,26,314,373,124,1,72,43,3154,2706
$POSITION,14
$IRPROXIMITY,0,47950,34,8,8,242,291,92,0,64,27,3024,2895
$IRPROXIMITY,1,48016,48,9,21,261,314,123,2,76,49,3055,2922
$IRPROXIMITY,2,48115,47,12,22,253,323,120,0,70,51,3052,2922
$IRPROXIMITY,3,48247,49,11,24,252,326,125,0,74,50,3032,2912
$IRPROXIMITY,4,48346,43,9,21,250,318,121,0,56,50,3037,2921
$IRPROXIMITY,5,48445,48,14,17,255,323,126,0,79,47,3045,2919
$IRPROXIMITY,6,48511,41,10,25,260,313,124,2,73,45,3046,2905
$IRPROXIMITY,7,48610,52,8,20,256,324,115,0,71,50,3041,2897
$IRPROXIMITY,8,48742,45,9,22,248,315,115,0,72,41,3038,2907
$IRPROXIMITY,9,48808,43,12,12,249,320,122,1,63,47,3046,2910
$POSITION,15
$IRPROXIMITY,0,49666,42,2,15,205,225,110,0,69,31,3071,2873
$IRPROXIMITY,1,49765,42,7,22,214,270,106,0,75,49,3094,2893
$IRPROXIMITY,2,49897,44,12,25,221,264,104,0,88,42,3091,2905
$IRPROXIMITY,3,49996,46,12,19,224,254,113,1,76,53,3087,2898
$IRPROXIMITY,4,50062,44,9,20,209,263,112,2,74,51,3098,2902
$IRPROXIMITY,5,50161,46,11,23,220,256,111,1,76,46,3091,2888
$IRPROXIMITY,6,50260,45,10,19,212,255,111,0,74,47,3084,2899
$IRPROXIMITY,7,50359,34,16,23,219,253,104,0,58,50,3093,2904
$IRPROXIMITY,8,50425,49,14,18,212,269,107,2,79,58,3092,2904
$IRPROXIMITY,9,50557,52,8,24,220,267,106,1,56,54,3102,2896
$POSITION,16
$IRPROXIMITY,0,51415,46,7,14,174,182,104,0,61,22,3105,2850
$IRPROXIMITY,1,51514,40,12,21,182,211,106,4,61,36,3118,2870
$IRPROXIMITY,2,51613,47,10,18,180,205,103,1,60,45,3121,2879
$IRPROXIMITY,3,51745,40,6,19,188,213,99,1,81,51,3119,2876
$IRPROXIMITY,4,51811,49,12,19,180,214,101,2,81,53,3131,2868
$IRPROXIMITY,5,51943,49,13,17,181,212,103,4,72,47,3118,2876
$IRPROXIMITY,6,52042,42,5,23,183,206,93,1,78,49,3131,2881
$IRPROXIMITY,7,52075,48,14,17,177,206,101,0,73,49,3131,2885
$IRPROXIMITY,8,52174,49,5,22,170,211,102,3,67,43,3119,2879
$IRPROXIMITY,9,52306,44,11,21,176,214,95,0,68,52,3129,2872
$POSITION,17
$IRPROXIMITY,0,53032,49,10,4,147,152,77,0,67,22,2991,2917
$IRPROXIMITY,1,53164,41,9,20,148,183,98,0,68,54,3014,2945
$IRPROXIMITY,2,53197,41,11,17,149,179,98,3,49,50,3002,2946
$IRPROXIMITY,3,53329,44,11,15,162,177,89,0,77,54,3010,2949
$IRPROXIMITY,4,53395,44,9,13,152,181,99,2,60,49,3016,2934
$IRPROXIMITY,5,53527,41,9,20,155,175,95,1,80,48,3014,2947
$IRPROXIMITY,6,53593,48,11,13,151,184,97,3,91,52,3010,2937
$IRPROXIMITY,7,53725,47,8,15,157,187,92,1,72,52,3014,2948
$IRPROXIMITY,8,53791,50,10,18,157,179,99,0,72,49,3020,2939
$IRPROXIMITY,9,53923,45,13,15,149,179,97,0,75,48,3021,2943
$POSITION,18
$IRPROXIMITY,0,54649,38,7,9,121,126,68,0,64,22,3189,3009
$IRPROXIMITY,1,54781,47,4,26,133,154,91,0,74,53,3213,3035
$IRPROXIMITY,2,54847,41,14,17,135,147,92,4,73,52,3204,3030
$IRPROXIMITY,3,54946,42,14,16,129,150,90,1,56,48,3197,3042
$IRPROXIMITY,4,55045,47,8,16,138,150,86,0,67,51,3195,3038
$IRPROXIMITY,5,55144,41,6,18,128,150,87,3,55,51,3211,3035
$IRPROXIMITY,6,55210,47,11,14,125,149,85,1,72,49,3211,3031
$IRPROXIMITY,7,55342,44,10,16,126,156,89,0,63,53,3209,3036
$IRPROXIMITY,8,55408,44,12,22,127,151,85,1,81,51,3201,3027
$IRPROXIMITY,9,55540,44,9,17,127,146,90,2,68,49,3211,3023
$POSITION,19
$IRPROXIMITY,0,56299,42,7,11,104,91,94,0,65,19,3228,2895
$IRPROXIMITY,1,56431,49,9,16,107,131,84,2,74,48,3248,2929
$IRPROXIMITY,2,56530,46,10,17,119,134,85,1,73,44,3249,2925
$IRPROXIMITY,3,56629,50,4,15,114,125,83,0,68,51,3239,2923
$IRPROXIMITY,4,56695,40,11,11,115,129,85,1,69,46,3251,2919
$IRPROXIMITY,5,56794,47,10,15,118,126,90,0,75,50,3247,2916
$IRPROXIMITY,6,56926,41,7,13,119,136,89,0,71,48,3250,2930
$IRPROXIMITY,7,57025,46,11,13,106,138,79,4,75,49,3248,2927
$IRPROXIMITY,8,57124,46,11,19,108,123,93,2,61,53,3243,2932
$IRPROXIMITY,9,57223,42,10,16,116,130,89,1,70,51,3231,2915
$POSITION,20
$IRPROXIMITY,0,57982,32,7,12,84,91,46,4,68,37,3103,2805
$IRPROXIMITY,1,58048,44,11,13,98,105,82,2,75,47,3123,2839
$IRPROXIMITY,2,58147,47,11,16,102,102,81,1,74,50,3122,2836
$IRPROXIMITY,3,58279,43,14,14,106,113,83,0,77,50,3120,2828
$IRPROXIMITY,4,58345,43,10,16,106,106,77,2,73,52,3133,2827
$IRPROXIMITY,5,58444,40,13,16,97,108,76,2,80,46,3135,2834
$IRPROXIMITY,6,58510,37,10,12,100,104,71,0,65,47,3119,2824
$IRPROXIMITY,7,58642,44,11,13,92,104,80,1,69,50,3138,2823
$IRPROXIMITY,8,58708,48,11,13,96,106,84,3,82,48,3122,2841
$IRPROXIMITY,9,58840,42,13,14,99,110,81,1,78,49,3140,2826
$POSITION,21
$IRPROXIMITY,0,59533,48,4,0,72,72,43,0,66,55,3264,2948
$IRPROXIMITY,1,59632,48,8,15,90,100,82,0,61,47,3273,2969
$IRPROXIMITY,2,59731,40,11,3,95,90,82,2,50,49,3272,2965
$IRPROXIMITY,3,59863,45,13,14,86,87,78,3,72,50,3275,2976
$IRPROXIMITY,4,59962,42,10,11,88,94,81,2,76,50,3274,2960
$IRPROXIMITY,5,60061,40,6,11,93,88,73,1,78,51,3244,2945
$IRPROXIMITY,6,60127,41,12,10,81,92,85,2,72,55,3246,2963
$IRPROXIMITY,7,60259,39,9,12,89,96,76,0,66,54,3244,2948
$IRPROXIMITY,8,60325,47,10,14,87,94,82,0,71,43,3247,2948
$IRPROXIMITY,9,60424,46,10,9,91,92,76,2,80,49,3246,2947
$POSITION,22
$IRPROXIMITY,0,61183,41,11,8,70,55,68,0,68,27,3046,2999
$IRPROXIMITY,1,61282,41,14,17,80,80,79,2,74,50,3076,3037
$IRPROXIMITY,2,61381,40,8,9,81,76,78,3,69,47,3060,3031
$IRPROXIMITY,3,61513,41,12,16,83,77,74,0,73,42,3076,3023
$IRPROXIMITY,4,61612,44,6,19,81,76,74,1,75,49,3073,3024
$IRPROXIMITY,5,61711,46,12,9,83,84,79,1,64,47,3071,3022
$IRPROXIMITY,6,61810,44,11,13,81,83,71,0,71,49,3074,3031
$IRPROXIMITY,7,61876,42,10,10,84,80,71,0,71,49,3062,3037
$IRPROXIMITY,8,61975,44,2,14,79,84,77,1,63,46,3068,3030
$IRPROXIMITY,9,62074,49,12,16,75,74,74,2,66,52,3075,3025
$POSITION,23
$IRPROXIMITY,0,62866,42,7,8,58,49,42,2,69,29,3206,2846
$IRPROXIMITY,1,62965,48,8,16,77,71,73,0,65,53,3231,2870
$IRPROXIMITY,2,63031,48,11,17,67,68,74,0,74,47,3238,2872
$IRPROXIMITY,3,63130,43,12,9,77,65,72,1,74,54,3275,2814
$IRPROXIMITY,4,63229,44,14,10,71,69,65,1,78,43,3274,2789
$IRPROXIMITY,5,63361,41,9,13,73,68,68,0,67,48,3277,2792
$IRPROXIMITY,6,63460,47,8,13,75,71,73,1,79,50,3271,2792
$IRPROXIMITY,7,63493,46,11,10,72,69,70,0,75,49,3285,2792
$IRPROXIMITY,8,63592,43,9,11,63,71,73,0,73,47,3278,2782
$IRPROXIMITY,9,63724,46,12,13,72,71,74,0,59,40,3284,2795
$POSITION,24
$IRPROXIMITY,0,64483,43,6,14,41,41,37,0,57,25,3189,2913
$IRPROXIMITY,1,64582,44,11,15,65,61,72,0,57,47,3204,2929
$IRPROXIMITY,2,64714,43,11,13,66,64,72,0,72,53,3211,2931
$IRPROXIMITY,3,64813,43,14,14,66,67,69,1,79,50,3198,2929
$IRPROXIMITY,4,64912,40,6,15,67,60,78,3,68,49,3216,2946
$IRPROXIMITY,5,65011,49,13,14,64,64,70,0,52,48,3210,2933
$IRPROXIMITY,6,65077,40,11,10,59,66,71,3,67,47,3213,2929
$IRPROXIMITY,7,65176,39,5,14,58,57,61,4,67,49,3198,2933
$IRPROXIMITY,8,65308,38,12,16,62,60,71,2,64,48,3207,2939
$IRPROXIMITY,9,65374,47,6,5,53,61,64,2,76,50,3215,2940
$POSITION,25
$IRPROXIMITY,0,795,42,3,8,39,25,38,0,68,26,3115,2923
$IRPROXIMITY,1,927,46,13,13,57,57,61,3,74,48,3136,2938
$IRPROXIMITY,2,993,43,4,10,60,52,71,1,69,45,3152,2917
$IRPROXIMITY,3,1092,51,13,13,58,55,72,3,70,50,3163,2922
$IRPROXIMITY,4,1224,41,10,12,59,59,71,1,67,49,3165,2914
$IRPROXIMITY,5,1290,39,9,16,66,48,62,3,72,50,3164,2915
$IRPROXIMITY,6,1422,50,13,14,52,53,67,0,70,50,3176,2909
$IRPROXIMITY,7,1521,34,12,8,59,54,61,2,72,50,3163,2915
$IRPROXIMITY,8,1587,47,12,10,52,50,63,0,64,49,3177,2931
$IRPROXIMITY,9,1653,39,12,15,52,52,71,1,65,48,3166,2916
$POSITION,26
$IRPROXIMITY,0,2445,34,9,4,35,29,34,0,65,29,3116,3087
$IRPROXIMITY,1,2544,47,13,17,53,47,66,3,80,54,3141,3113
$IRPROXIMITY,2,2643,41,11,14,56,51,64,3,73,49,3142,3098
$IRPROXIMITY,3,2676,43,14,12,56,48,68,1,69,47,3131,3110
$IRPROXIMITY,4,2808,46,11,12,52,52,68,3,71,50,3135,3102
$IRPROXIMITY,5,2907,46,12,9,52,49,70,1,71,47,3131,3099
$IRPROXIMITY,6,3006,41,11,12,52,45,69,1,73,49,3130,3104
$IRPROXIMITY,7,3105,41,13,9,53,45,64,4,72,48,3130,3104
$IRPROXIMITY,8,3171,51,13,8,55,48,67,1,68,49,3134,3096
$IRPROXIMITY,9,3270,42,13,12,51,53,69,0,73,44,3136,3104
$POSITION,27
$IRPROXIMITY,0,4029,41,13,4,37,20,49,0,64,23,3267,3183
$IRPROXIMITY,1,4095,47,7,10,48,42,63,0,60,49,3173,3195
$IRPROXIMITY,2,4194,48,11,8,43,40,71,1,64,49,3126,3121
$IRPROXIMITY,3,4326,43,11,14,53,48,67,1,82,48,3130,3127
$IRPROXIMITY,4,4425,47,12,13,46,42,65,4,68,43,3113,3111
$IRPROXIMITY,5,4491,39,11,11,47,35,67,0,80,52,3072,3088
$IRPROXIMITY,6,4623,40,11,12,46,46,65,4,80,42,3073,3073
$IRPROXIMITY,7,4755,40,11,11,54,42,61,1,76,50,3067,3076
$IRPROXIMITY,8,4788,44,11,10,47,43,68,1,69,50,3068,3081
$IRPROXIMITY,9,4920,46,9,13,47,38,67,2,73,53,3076,3080
$POSITION,28
$IRPROXIMITY,0,5679,40,7,2,30,17,33,1,61,29,3249,3006
$IRPROXIMITY,1,5778,44,10,12,41,36,67,2,74,44,3275,3028
$IRPROXIMITY,2,5877,47,12,9,42,43,65,1,68,49,3274,3029
$IRPROXIMITY,3,5943,45,12,11,44,39,61,0,75,47,3277,3023
$IRPROXIMITY,4,6075,52,10,8,44,38,67,2,67,51,3277,3027
$IRPROXIMITY,5,6141,47,7,12,47,43,67,2,78,46,3278,3025
$IRPROXIMITY,6,6273,47,11,7,40,41,65,0,66,45,3271,3024
$IRPROXIMITY,7,6339,43,11,18,46,41,65,1,75,47,3275,3022
$IRPROXIMITY,8,6471,46,10,7,40,35,61,1,74,52,3285,3035
$IRPROXIMITY,9,6537,45,14,11,43,36,62,4,70,43,3285,3038
$POSITION,29
$IRPROXIMITY,0,7296,35,12,4,28,20,46,0,56,52,3326,2869
$IRPROXIMITY,1,7395,47,13,12,36,32,62,2,73,48,3345,2857
$IRPROXIMITY,2,7461,45,10,12,44,34,60,4,61,42,3354,2842
$IRPROXIMITY,3,7593,39,11,17,48,32,65,2,79,51,3345,2819
$IRPROXIMITY,4,7692,42,13,17,37,37,63,1,59,46,3345,2803
$IRPROXIMITY,5,7758,38,12,13,47,37,64,2,68,44,3345,2814
$IRPROXIMITY,6,7890,44,12,12,42,31,68,1,50,44,3339,2818
$IRPROXIMITY,7,7956,44,8,12,39,30,67,2,56,44,3344,2806
$IRPROXIMITY,8,8055,43,12,15,43,33,56,5,66,49,3341,2806
$IRPROXIMITY,9,8187,47,11,10,45,37,62,3,59,47,3352,2806
$POSITION,30
$IRPROXIMITY,0,9078,34,12,6,29,9,40,0,59,23,3156,2958
$IRPROXIMITY,1,9177,43,6,15,46,28,62,1,76,50,3180,2979
$IRPROXIMITY,2,9309,44,5,13,41,31,62,3,61,43,3176,2994
$IRPROXIMITY,3,9408,44,10,10,39,31,65,2,68,52,3174,2980
$IRPROXIMITY,4,9507,47,4,12,43,29,64,2,80,53,3168,2979
$IRPROXIMITY,5,9606,40,12,11,39,33,57,1,68,45,3177,2990
$IRPROXIMITY,6,9705,46,3,12,41,34,63,0,73,50,3178,2993
$IRPROXIMITY,7,9771,46,13,13,42,32,63,2,72,51,3169,2988
$IRPROXIMITY,8,9837,44,8,12,41,32,60,1,65,40,3166,2987
$IRPROXIMITY,9,9969,39,18,8,42,38,65,0,73,48,3186,2980
$POSITION,31
$IRPROXIMITY,0,10728,33,14,10,15,15,35,0,64,31,3250,3158
$IRPROXIMITY,1,10827,39,9,13,32,32,64,1,74,49,3277,3174
$IRPROXIMITY,2,10926,47,13,11,40,30,66,2,59,46,3268,3178
$IRPROXIMITY,3,11025,46,7,10,40,32,64,3,68,42,3276,3163
$IRPROXIMITY,4,11124,45,8,10,39,32,60,1,55,50,3284,3173
$IRPROXIMITY,5,11190,43,11,7,31,31,49,2,81,49,3283,3167
$IRPROXIMITY,6,11289,38,10,8,36,31,56,2,58,54,3298,3163
$IRPROXIMITY,7,11388,39,11,14,37,31,64,0,54,48,3300,3161
$IRPROXIMITY,8,11487,42,12,11,41,26,64,2,70,44,3299,3162
$IRPROXIMITY,9,11553,41,10,13,32,31,61,1,79,53,3311,3161
$POSITION,32
$IRPROXIMITY,0,12312,43,11,3,26,7,38,0,63,33,3300,2954
$IRPROXIMITY,1,12378,46,13,10,35,23,65,0,79,48,3317,2974
$IRPROXIMITY,2,12510,49,10,12,40,24,65,1,73,49,3319,2978
$IRPROXIMITY,3,12609,39,17,11,37,25,61,2,76,50,3307,2975
$IRPROXIMITY,4,12708,38,10,17,41,30,52,4,65,46,3317,2977
$IRPROXIMITY,5,12774,44,8,12,37,24,52,2,72,52,3319,2974
$IRPROXIMITY,6,12906,44,10,9,35,26,55,2,65,48,3309,2977
$IRPROXIMITY,7,12972,31,9,12,35,31,62,0,75,48,3320,2970
$IRPROXIMITY,8,13071,50,4,14,39,24,62,4,74,50,3309,2964
$IRPROXIMITY,9,13203,38,10,5,36,27,64,2,56,47,3310,2967
$POSITION,33
$IRPROXIMITY,0,13962,45,5,14,18,13,32,0,69,38,3142,2935
$IRPROXIMITY,1,14028,41,4,11,29,26,62,3,74,50,3164,2935
$IRPROXIMITY,2,14094,44,11,18,35,27,64,0,71,45,3162,2938
$IRPROXIMITY,3,14193,46,15,10,33,32,62,1,70,49,3162,2937
$IRPROXIMITY,4,14325,46,12,6,33,26,66,5,70,47,3174,2937
$IRPROXIMITY,5,14424,48,10,10,31,23,60,2,74,50,3243,2941
$IRPROXIMITY,6,14523,44,10,13,32,20,64,3,59,45,3226,2930
$IRPROXIMITY,7,14622,40,9,12,33,24,51,4,71,41,3228,2928
$IRPROXIMITY,8,14688,46,12,11,31,24,60,0,60,47,3227,2943
$IRPROXIMITY,9,14787,50,11,8,32,23,62,3,76,44,3230,2938
$POSITION,34
$IRPROXIMITY,0,15513,49,8,4,10,10,33,0,70,30,3175,2970
$IRPROXIMITY,1,15612,49,8,11,32,27,60,1,63,47,3189,3012
$IRPROXIMITY,2,15744,46,10,17,32,27,48,0,63,50,3194,3000
$IRPROXIMITY,3,15843,46,7,11,35,21,61,2,70,43,3182,3000
$IRPROXIMITY,4,15909,46,10,8,21,19,64,3,75,46,3181,3014
$IRPROXIMITY,5,16041,46,-4,12,30,27,66,3,65,43,3184,3013
$IRPROXIMITY,6,16107,36,11,19,39,27,60,0,62,50,3188,3003
$IRPROXIMITY,7,16206,41,11,7,27,24,62,0,75,45,3179,3006
$IRPROXIMITY,8,16305,48,13,13,31,23,63,4,75,42,3157,2986
$IRPROXIMITY,9,16404,48,12,5,32,17,58,0,56,44,3156,2996
$POSITION,35
$IRPROXIMITY,0,17229,36,7,3,13,5,39,0,65,50,3083,3067
$IRPROXIMITY,1,17295,45,9,8,33,21,55,3,66,49,3111,3080
$IRPROXIMITY,2,17427,44,6,11,26,22,51,1,84,50,3114,3079
$IRPROXIMITY,3,17493,46,11,14,29,16,60,0,72,47,3117,3094
$IRPROXIMITY,4,17625,46,11,4,27,17,63,2,48,47,3116,3086
$IRPROXIMITY,5,17691,36,13,5,32,22,54,2,75,47,3114,3078
$IRPROXIMITY,6,17823,40,10,9,30,23,57,0,63,53,3113,3086
$IRPROXIMITY,7,17922,39,9,11,36,26,59,2,72,40,3111,3090
$IRPROXIMITY,8,17988,37,15,13,25,23,57,1,70,44,3094,3087
$IRPROXIMITY,9,18087,48,9,6,25,25,57,3,84,48,3117,3083
$POSITION,36
$IRPROXIMITY,0,18813,40,5,2,17,4,39,0,66,23,3279,2872
$IRPROXIMITY,1,18912,45,13,9,32,18,60,2,55,54,3307,2890
$IRPROXIMITY,2,19011,43,13,12,30,17,54,0,64,47,3294,2903
$IRPROXIMITY,3,19110,40,14,18,28,25,59,1,76,49,3294,2897
$IRPROXIMITY,4,19176,46,10,8,32,21,57,2,74,49,3294,2885
$IRPROXIMITY,5,19308,41,12,15,21,19,54,3,75,51,3295,2898
$IRPROXIMITY,6,19407,36,10,9,25,26,57,3,60,50,3302,2902
$IRPROXIMITY,7,19539,46,14,10,26,25,53,0,71,53,3304,2899
$IRPROXIMITY,8,19605,41,13,11,27,21,61,1,80,43,3307,2890
$IRPROXIMITY,9,19671,42,11,12,28,24,59,1,68,45,3294,2902
$POSITION,37
$IRPROXIMITY,0,20496,37,8,3,19,2,36,0,62,46,3162,2857
$IRPROXIMITY,1,20595,45,13,10,32,20,54,0,72,51,3195,2883
$IRPROXIMITY,2,20661,45,11,12,27,24,60,3,62,46,3197,2877
$IRPROXIMITY,3,20793,47,13,10,30,19,58,2,60,48,3184,2876
$IRPROXIMITY,4,20892,45,12,17,31,21,54,2,65,48,3187,2883
$IRPROXIMITY,5,20958,43,9,9,31,18,55,3,80,44,3187,2881
$IRPROXIMITY,6,21090,38,12,9,26,17,62,2,70,45,3194,2879
$IRPROXIMITY,7,21156,45,14,10,28,21,55,3,72,42,3189,2888
$IRPROXIMITY,8,21255,43,13,11,25,19,63,1,75,45,3199,2874
$IRPROXIMITY,9,21354,45,12,12,34,13,49,1,78,45,3198,2880
$POSITION,38
$IRPROXIMITY,0,22113,45,14,1,15,5,42,0,75,21,3236,3041
$IRPROXIMITY,1,22212,37,11,12,30,20,53,0,72,49,3253,3054
$IRPROXIMITY,2,22311,41,11,8,25,18,49,0,78,52,3259,3057
$IRPROXIMITY,3,22410,40,8,11,28,24,57,2,73,48,3254,3060
$IRPROXIMITY,4,22476,43,10,10,20,15,54,3,68,50,3253,3064
$IRPROXIMITY,5,22575,38,12,14,31,20,56,2,70,41,3260,3042
$IRPROXIMITY,6,22674,44,14,11,28,21,60,1,61,47,3251,3049
$IRPROXIMITY,7,22806,48,9,11,23,17,61,3,61,48,3259,3044
$IRPROXIMITY,8,22872,42,9,17,28,15,54,2,69,44,3251,3052
$IRPROXIMITY,9,23004,43,15,7,24,19,56,1,76,45,3255,3048
$POSITION,39
$IRPROXIMITY,0,24126,40,13,4,25,3,52,0,62,33,2944,3013
$IRPROXIMITY,1,24225,41,6,12,21,17,56,2,56,45,2970,3015
$IRPROXIMITY,2,24357,36,11,6,23,20,49,0,69,51,2966,3026
$IRPROXIMITY,3,24423,42,10,12,23,15,50,3,66,45,2959,3022
$IRPROXIMITY,4,24555,48,13,14,24,17,56,1,75,43,2966,3035
$IRPROXIMITY,5,24654,42,9,10,27,13,50,1,70,47,2955,3041
$IRPROXIMITY,6,24720,41,15,14,25,21,60,1,52,43,2958,3043
$IRPROXIMITY,7,24852,40,11,11,27,17,51,0,61,46,2958,3040
$IRPROXIMITY,8,24918,37,10,6,27,17,55,1,81,46,2957,3037
$IRPROXIMITY,9,25050,39,10,11,25,18,55,0,70,43,2969,3041
$POSITION,40
$IRPROXIMITY,0,25776,34,6,4,8,6,22,0,59,33,3112,2985
$IRPROXIMITY,1,25908,42,9,12,29,16,54,2,77,49,3129,3015
$IRPROXIMITY,2,25974,42,12,9,20,13,49,4,70,47,3129,3013
$IRPROXIMITY,3,26073,41,12,6,28,16,54,2,75,48,3152,2969
$IRPROXIMITY,4,26205,48,13,10,18,16,58,0,78,45,3151,2979
$IRPROXIMITY,5,26304,47,12,11,21,14,51,2,74,50,3145,2974
$IRPROXIMITY,6,26370,47,14,11,26,14,59,2,70,49,3159,2976
$IRPROXIMITY,7,26502,43,13,7,19,16,56,3,67,46,3152,2971
$IRPROXIMITY,8,26568,37,10,11,27,17,50,2,63,47,3150,2976
$IRPROXIMITY,9,26700,48,5,11,22,15,52,2,59,52,3148,2977
$POSITION,41
$IRPROXIMITY,0,27492,39,5,4,10,4,27,0,51,24,3102,3131
$IRPROXIMITY,1,27624,46,7,13,24,8,57,0,72,43,3103,3165
$IRPROXIMITY,2,27723,40,9,11,22,13,48,1,68,42,3107,3155
$IRPROXIMITY,3,27789,40,10,6,21,14,58,1,80,49,3105,3155
$IRPROXIMITY,4,27921,41,13,12,28,16,54,0,73,45,3106,3162
$IRPROXIMITY,5,28020,48,12,11,19,16,56,1,55,45,3111,3164
$IRPROXIMITY,6,28086,41,1,9,25,15,52,1,74,49,3095,3156
$IRPROXIMITY,7,28185,44,9,10,24,16,55,1,89,46,3103,3165
$IRPROXIMITY,8,28317,47,11,9,25,17,57,0,62,45,3099,3153
$IRPROXIMITY,9,28416,47,13,7,25,13,48,1,87,46,3096,3157
$POSITION,42
$IRPROXIMITY,0,29208,36,8,4,9,2,26,0,70,29,3177,3090
$IRPROXIMITY,1,29274,36,11,7,27,14,56,2,51,45,3219,3118
$IRPROXIMITY,2,29406,38,11,12,27,12,58,0,69,41,3208,3099
$IRPROXIMITY,3,29505,43,13,12,24,19,55,0,72,40,3215,3115
$IRPROXIMITY,4,29604,41,12,12,24,14,49,2,56,50,3219,3105
$IRPROXIMITY,5,29703,40,-2,11,16,12,54,4,77,43,3221,3099
$IRPROXIMITY,6,29769,38,4,9,23,9,53,2,69,45,3225,3102
$IRPROXIMITY,7,29868,49,12,9,26,14,48,0,56,51,3222,3099
$IRPROXIMITY,8,29934,41,12,14,27,14,50,4,56,51,3223,3100
$IRPROXIMITY,9,30033,36,7,12,21,11,49,3,75,45,3224,3104
$POSITION,43
$IRPROXIMITY,0,30792,33,3,1,5,4,26,0,63,35,3099,3088
$IRPROXIMITY,1,30924,42,8,9,18,14,56,3,70,45,3131,3084
$IRPROXIMITY,2,30990,40,11,11,20,13,49,0,72,46,3127,3089
$IRPROXIMITY,3,31122,41,12,11,22,13,50,2,72,49,3125,3084
$IRPROXIMITY,4,31221,45,8,11,18,16,53,1,69,49,3126,3077
$IRPROXIMITY,5,31320,32,10,11,24,10,57,2,66,44,3129,3084
$IRPROXIMITY,6,31419,49,11,10,22,11,53,0,84,44,3125,3084
$IRPROXIMITY,7,31485,42,10,12,20,12,56,1,74,45,3126,3083
$IRPROXIMITY,8,31584,43,11,12,19,13,55,1,73,50,3126,3084
$IRPROXIMITY,9,31683,45,11,11,22,14,54,0,73,40,3124,3083
$POSITION,44
$IRPROXIMITY,0,32409,39,2,3,6,2,28,0,60,33,3006,3086
$IRPROXIMITY,1,32541,41,13,14,24,15,56,1,63,47,3040,3112
$IRPROXIMITY,2,32640,44,6,8,18,15,49,4,63,48,3043,3114
$IRPROXIMITY,3,32706,39,4,7,17,14,51,1,76,43,3040,3112
$IRPROXIMITY,4,32805,43,7,1,22,16,53,1,57,37,3030,3101
$IRPROXIMITY,5,32937,40,8,5,24,13,52,1,68,52,3030,3106
$IRPROXIMITY,6,33003,44,8,3,19,11,55,1,83,49,3029,3110
$IRPROXIMITY,7,33135,43,10,9,21,11,51,3,75,53,3028,3121
$IRPROXIMITY,8,33234,44,0,11,17,15,53,1,65,49,3036,3126
$IRPROXIMITY,9,33333,35,11,11,23,14,55,2,73,44,3043,3116
$POSITION,45
$IRPROXIMITY,0,34092,40,5,1,7,0,35,0,67,21,3033,2851
$IRPROXIMITY,1,34224,45,9,11,19,13,54,0,74,48,3060,2860
$IRPROXIMITY,2,34290,40,14,8,18,11,49,1,69,49,3059,2859
$IRPROXIMITY,3,34422,38,13,7,22,11,54,2,77,50,3059,2864
$IRPROXIMITY,4,34521,42,9,11,21,9,50,0,75,45,3067,2860
$IRPROXIMITY,5,34587,39,10,8,23,14,43,1,70,47,3067,2854
$IRPROXIMITY,6,34686,42,12,10,19,9,56,2,66,49,3074,2861
$IRPROXIMITY,7,34785,54,10,11,22,11,56,2,79,46,3076,2861
$IRPROXIMITY,8,34884,47,11,10,21,10,55,1,70,45,3059,2870
$IRPROXIMITY,9,34950,44,13,10,25,13,51,0,73,40,3054,2861
$POSITION,46
$IRPROXIMITY,0,35709,36,2,4,10,0,32,0,75,29,3407,3089
$IRPROXIMITY,1,35808,43,10,12,20,12,54,3,69,45,3407,3105
$IRPROXIMITY,2,35907,43,10,9,17,10,57,2,73,44,3410,3105
$IRPROXIMITY,3,35973,46,14,6,19,10,51,2,69,44,3405,3117
$IRPROXIMITY,4,36072,43,12,12,20,12,54,3,73,47,3403,3144
$IRPROXIMITY,5,36171,40,11,8,21,8,51,0,69,42,3393,3144
$IRPROXIMITY,6,36270,38,12,10,27,10,57,0,71,47,3399,3148
$IRPROXIMITY,7,36402,41,8,10,19,10,51,1,71,43,3396,3149
$IRPROXIMITY,8,36501,42,9,10,23,10,52,1,68,48,3398,3156
$IRPROXIMITY,9,36600,46,8,13,18,10,56,3,61,43,3401,3154
$POSITION,47
$IRPROXIMITY,0,37359,42,9,18,4,0,29,0,66,27,3281,3156
$IRPROXIMITY,1,37425,40,11,13,21,11,50,0,71,46,3291,3168
$IRPROXIMITY,2,37524,45,12,7,23,14,50,0,75,49,3302,3164
$IRPROXIMITY,3,37590,46,12,12,26,11,46,2,87,45,3293,3176
$IRPROXIMITY,4,37689,43,13,7,16,15,56,0,77,39,3289,3178
$IRPROXIMITY,5,37788,40,10,10,21,13,52,2,74,40,3300,3170
$IRPROXIMITY,6,37920,37,12,12,19,14,56,1,73,48,3291,3167
$IRPROXIMITY,7,37986,36,13,6,23,10,49,1,58,50,3290,3176
$IRPROXIMITY,8,38118,39,11,7,23,13,48,0,68,48,3289,3172
$IRPROXIMITY,9,38184,37,3,10,17,5,49,2,66,47,3307,3168
$POSITION,48
$IRPROXIMITY,0,38943,33,5,1,9,1,33,0,59,50,3265,3062
$IRPROXIMITY,1,39042,42,8,6,18,15,49,0,75,44,3285,3082
$IRPROXIMITY,2,39141,42,9,7,16,10,52,4,75,44,3283,3084
$IRPROXIMITY,3,39240,42,7,14,25,11,48,2,83,47,3289,3074
$IRPROXIMITY,4,39306,36,15,9,22,10,53,2,69,38,3292,3078
$IRPROXIMITY,5,39405,42,13,8,16,11,53,2,72,43,3283,3078
$IRPROXIMITY,6,39504,39,11,16,19,8,51,0,69,47,3291,3079
$IRPROXIMITY,7,39603,41,12,7,11,12,47,1,73,48,3269,3076
$IRPROXIMITY,8,39735,40,5,12,19,13,53,2,68,45,3289,3077
$IRPROXIMITY,9,39834,40,0,7,16,9,51,0,72,48,3291,3075
$POSITION,49
$IRPROXIMITY,0,40527,44,5,8,9,0,32,0,63,26,3394,3022
$IRPROXIMITY,1,40626,39,10,10,17,10,53,4,81,49,3416,3053
$IRPROXIMITY,2,40725,45,13,13,20,14,48,1,77,49,3401,3040
$IRPROXIMITY,3,40824,42,10,11,17,11,45,4,58,42,3420,3039
$IRPROXIMITY,4,40956,37,14,8,19,10,53,2,69,45,3419,3040
$IRPROXIMITY,5,41022,45,10,3,16,11,52,0,68,50,3416,3039
$IRPROXIMITY,6,41154,39,12,5,19,9,51,0,58,46,3415,3033
$IRPROXIMITY,7,41253,36,10,13,24,10,52,0,59,45,3418,3038
$IRPROXIMITY,8,41352,45,11,7,18,9,47,1,77,48,3410,3040
$IRPROXIMITY,9,41451,41,7,13,19,12,49,2,74,47,3407,3039
$POSITION,50
$IRPROXIMITY,0,42177,46,-1,6,6,2,51,0,61,25,3218,3074
$IRPROXIMITY,1,42309,41,8,8,23,10,51,0,71,46,3257,3023
$IRPROXIMITY,2,42375,43,10,10,18,10,48,1,74,47,3268,2992
$IRPROXIMITY,3,42507,45,11,10,18,7,53,1,73,43,3272,2997
$IRPROXIMITY,4,42573,46,9,8,20,11,49,3,74,49,3268,2993
$IRPROXIMITY,5,42672,45,14,1,19,11,56,2,77,44,3268,2990
$IRPROXIMITY,6,42771,48,8,9,22,9,57,3,71,47,3273,2992
$IRPROXIMITY,7,42870,50,7,8,21,11,50,1,68,49,3270,2989
$IRPROXIMITY,8,43002,41,12,13,17,11,51,4,78,44,3283,2979
$IRPROXIMITY,9,43101,37,7,11,17,14,49,2,59,46,3274,2986
$POSITION,51
$IRPROXIMITY,0,43860,39,10,2,9,0,29,0,78,52,3039,3128
$IRPROXIMITY,1,43959,38,7,9,20,8,49,0,61,39,3070,3134
$IRPROXIMITY,2,44025,44,8,7,16,7,50,2,65,41,3065,3135
$IRPROXIMITY,3,44157,42,12,4,13,8,43,3,76,43,3074,3136
$IRPROXIMITY,4,44256,39,10,9,20,5,50,0,85,43,3059,3135
$IRPROXIMITY,5,44322,42,12,13,16,11,46,0,73,45,3068,3133
$IRPROXIMITY,6,44421,40,12,10,15,14,54,0,78,46,3058,3133
$IRPROXIMITY,7,44520,45,11,11,18,10,52,2,55,49,3060,3131
$IRPROXIMITY,8,44619,40,9,9,18,7,55,2,59,48,3074,3136
$IRPROXIMITY,9,44718,39,12,10,18,10,50,1,69,49,3065,3135
$POSITION,52
$IRPROXIMITY,0,45510,41,14,5,3,13,24,0,75,31,2882,3040
$IRPROXIMITY,1,45609,39,9,6,18,10,51,2,63,49,2942,3028
$IRPROXIMITY,2,45675,41,11,6,24,10,48,0,68,53,2938,3028
$IRPROXIMITY,3,45807,31,8,11,15,11,50,0,77,43,2947,3041
$IRPROXIMITY,4,45873,39,8,3,23,10,51,3,79,46,2943,3039
$IRPROXIMITY,5,45972,43,10,9,15,8,48,2,65,49,2945,3039
$IRPROXIMITY,6,46071,39,11,7,13,11,46,1,73,48,2959,3041
$IRPROXIMITY,7,46170,40,6,14,15,11,50,0,60,44,2959,3044
$IRPROXIMITY,8,46269,46,10,1,16,9,54,2,52,45,2954,3049
$IRPROXIMITY,9,46401,43,13,11,17,12,53,1,71,46,2946,3052
$POSITION,53
$IRPROXIMITY,0,47127,38,7,3,5,2,32,0,60,45,3104,3070
$IRPROXIMITY,1,47193,42,14,9,18,11,51,1,68,44,3126,3092
$IRPROXIMITY,2,47325,39,16,10,13,14,50,0,74,47,3129,3091
$IRPROXIMITY,3,47424,44,8,9,17,9,51,0,70,48,3120,3086
$IRPROXIMITY,4,47523,45,12,11,17,12,54,4,72,43,3125,3089
$IRPROXIMITY,5,47589,44,13,10,20,7,52,0,56,38,3125,3081
$IRPROXIMITY,6,47688,42,12,11,18,9,53,1,64,45,3129,3093
$IRPROXIMITY,7,47820,46,13,10,17,13,55,3,51,48,3121,3081
$IRPROXIMITY,8,47919,46,13,6,19,15,55,1,67,45,3122,3079
$IRPROXIMITY,9,48018,42,8,9,16,14,50,0,74,45,3130,3087
$POSITION,54
$IRPROXIMITY,0,48744,26,8,5,11,2,22,0,62,32,3081,2916
$IRPROXIMITY,1,48843,47,9,14,16,6,56,0,76,44,3089,2927
$IRPROXIMITY,2,48909,44,12,11,16,7,50,2,74,49,3104,2931
$IRPROXIMITY,3,49008,38,10,9,18,15,46,3,68,47,3086,2957
$IRPROXIMITY,4,49107,44,11,12,20,12,55,1,49,46,3099,2953
$IRPROXIMITY,5,49239,39,10,12,24,6,53,0,73,47,3088,2950
$IRPROXIMITY,6,49338,38,8,10,16,7,50,1,74,41,3097,2957
$IRPROXIMITY,7,49404,41,12,9,13,13,50,3,58,44,3089,2957
$IRPROXIMITY,8,49536,47,11,9,11,13,49,0,62,49,3080,2961
$IRPROXIMITY,9,49602,45,11,9,13,10,49,0,70,47,3079,2957
$POSITION,55
$IRPROXIMITY,0,50361,36,4,-1,4,0,17,0,73,27,3120,2693
$IRPROXIMITY,1,50427,39,7,5,13,11,45,0,70,53,3136,2709
$IRPROXIMITY,2,50526,43,14,5,20,9,43,0,80,51,3150,2712
$IRPROXIMITY,3,50658,52,14,5,20,12,50,0,71,46,3147,2711
$IRPROXIMITY,4,50724,49,10,11,15,6,52,3,65,47,3142,2711
$IRPROXIMITY,5,50823,42,14,7,18,9,47,0,56,45,3148,2709
$IRPROXIMITY,6,50955,46,13,7,17,8,47,2,70,46,3151,2704
$IRPROXIMITY,7,51054,45,12,9,20,6,50,0,68,42,3139,2707
$IRPROXIMITY,8,51087,41,7,16,18,8,46,0,73,43,3142,2722
$IRPROXIMITY,9,51186,47,14,8,17,9,47,0,77,41,3131,2723
$POSITION,56
$IRPROXIMITY,0,51978,32,4,5,5,1,32,0,59,23,3091,2993
$IRPROXIMITY,1,52110,37,10,2,10,10,46,1,67,45,3126,3021
$IRPROXIMITY,2,52176,44,11,10,21,10,50,2,74,53,3222,3025
$IRPROXIMITY,3,52308,45,11,12,15,12,49,1,64,49,3224,3017
$IRPROXIMITY,4,52374,41,13,10,20,10,46,1,71,47,3243,3022
$IRPROXIMITY,5,52473,41,2,3,14,7,51,0,69,47,3239,3025
$IRPROXIMITY,6,52605,43,10,6,20,10,53,2,70,47,3239,3019
$IRPROXIMITY,7,52671,46,13,5,18,9,46,0,75,50,3240,3018
$IRPROXIMITY,8,52803,41,12,8,15,7,46,6,79,43,3241,3014
$IRPROXIMITY,9,52902,49,7,8,9,10,48,2,70,45,3239,3024
$POSITION,57
$IRPROXIMITY,0,53628,36,4,-1,3,2,27,0,50,25,3127,2926
$IRPROXIMITY,1,53694,45,11,7,20,6,45,2,66,44,3153,2951
$IRPROXIMITY,2,53793,48,6,7,22,6,53,0,53,45,3146,2947
$IRPROXIMITY,3,53925,39,13,9,16,9,45,0,82,45,3158,2936
$IRPROXIMITY,4,53991,46,9,7,15,10,46,0,71,49,3157,2931
$IRPROXIMITY,5,54123,46,9,10,18,11,52,1,64,48,3157,2937
$IRPROXIMITY,6,54189,42,10,13,16,8,47,2,72,48,3150,2934
$IRPROXIMITY,7,54288,41,11,5,13,8,53,0,61,49,3151,2939
$IRPROXIMITY,8,54387,39,9,12,13,8,51,0,72,49,3156,2952
$IRPROXIMITY,9,54519,44,11,12,17,9,56,0,78,46,3158,2935
$POSITION,58
$IRPROXIMITY,0,55212,42,7,3,3,0,23,0,47,27,3081,3079
$IRPROXIMITY,1,55344,40,12,14,17,9,53,1,75,48,3077,3071
$IRPROXIMITY,2,55443,46,6,13,12,4,52,0,58,44,3078,3023
$IRPROXIMITY,3,55509,37,12,8,15,11,43,2,62,50,3078,3036
$IRPROXIMITY,4,55641,42,0,9,22,5,48,0,61,42,3081,3010
$IRPROXIMITY,5,55707,40,8,8,15,10,39,2,79,42,3086,3020
$IRPROXIMITY,6,55839,47,3,9,15,7,48,2,73,45,3080,2951
$IRPROXIMITY,7,55905,31,10,11,14,10,53,3,59,47,3077,2960
$IRPROXIMITY,8,56004,42,9,10,20,10,53,1,64,42,3076,2949
$IRPROXIMITY,9,56103,42,10,8,19,8,45,0,73,46,3078,2950
$POSITION,59
$IRPROXIMITY,0,56862,35,2,1,12,0,39,0,59,33,3333,2881
$IRPROXIMITY,1,56961,46,12,11,17,8,48,1,70,48,3353,2894
$IRPROXIMITY,2,57027,45,5,9,14,7,55,0,72,47,3350,2882
$IRPROXIMITY,3,57159,46,11,9,9,6,49,0,54,37,3349,2884
$IRPROXIMITY,4,57225,38,10,11,15,6,46,0,57,51,3389,2895
$IRPROXIMITY,5,57357,43,13,11,19,5,52,0,56,50,3380,2917
$IRPROXIMITY,6,57456,42,11,8,18,9,47,0,55,51,3381,2901
$IRPROXIMITY,7,57522,39,8,10,18,9,49,0,54,47,3389,2914
$IRPROXIMITY,8,57621,40,9,12,19,7,47,1,64,43,3376,2917
$IRPROXIMITY,9,57720,47,13,4,19,8,47,1,68,49,3389,2909
$POSITION,60
$IRPROXIMITY,0,58743,40,2,9,1,0,21,0,54,30,3123,3010
$IRPROXIMITY,1,58842,40,12,9,18,4,47,1,76,49,3151,3020
$IRPROXIMITY,2,58908,41,13,6,15,11,41,2,76,40,3141,3029
$IRPROXIMITY,3,59007,41,12,9,16,10,49,0,73,53,3151,3026
$IRPROXIMITY,4,59073,42,12,12,12,5,49,0,77,45,3146,3031
$IRPROXIMITY,5,59238,44,11,8,14,11,44,1,76,51,3140,3023
$IRPROXIMITY,6,59304,46,15,13,15,7,49,3,71,45,3153,3021
$IRPROXIMITY,7,59403,42,11,3,18,9,50,0,57,44,3151,3041
$IRPROXIMITY,8,59502,41,10,2,12,6,42,1,74,51,3153,3030
$IRPROXIMITY,9,59568,41,10,5,15,10,49,1,60,44,3151,3032
$POSITION,61
$IRPROXIMITY,0,60360,35,7,6,4,6,23,0,61,26,3167,2721
$IRPROXIMITY,1,60459,42,12,4,18,11,52,1,56,43,3195,2735
$IRPROXIMITY,2,60525,47,12,14,20,7,43,3,64,45,3183,2734
$IRPROXIMITY,3,60591,33,10,6,14,6,49,0,66,44,3195,2734
$IRPROXIMITY,4,60723,48,10,1,18,9,50,1,53,48,3185,2735
$IRPROXIMITY,5,60789,46,10,7,19,11,49,0,61,43,3186,2733
$IRPROXIMITY,6,60954,46,5,11,17,4,52,2,66,42,3196,2732
$IRPROXIMITY,7,60987,42,11,10,14,7,44,2,73,49,3192,2743
$IRPROXIMITY,8,61086,37,3,14,17,10,47,0,69,43,3195,2746
$IRPROXIMITY,9,61218,38,5,10,18,6,49,0,65,46,3188,2728
$POSITION,62
$IRPROXIMITY,0,62010,41,11,12,1,0,22,0,56,30,3111,2868
$IRPROXIMITY,1,62076,44,10,9,14,11,46,2,70,48,3120,2887
$IRPROXIMITY,2,62142,37,8,6,19,12,48,0,70,45,3128,2879
$IRPROXIMITY,3,62274,47,13,6,12,8,45,0,72,41,3077,2926
$IRPROXIMITY,4,62340,42,9,5,18,10,54,0,53,38,3008,2945
$IRPROXIMITY,5,62439,40,9,8,14,7,43,3,70,46,3009,2927
$IRPROXIMITY,6,62571,37,13,6,11,3,51,0,65,48,3010,2924
$IRPROXIMITY,7,62637,41,4,10,13,11,49,0,67,51,3002,2921
$IRPROXIMITY,8,62769,38,13,9,19,10,50,0,67,48,3007,2933
$IRPROXIMITY,9,62835,36,8,10,7,9,44,1,62,44,3012,2922
$POSITION,63
$IRPROXIMITY,0,63660,45,2,5,6,0,34,0,49,25,3179,3126
$IRPROXIMITY,1,63759,44,10,9,8,7,53,2,54,45,3187,3154
$IRPROXIMITY,2,63891,41,8,12,16,7,47,1,53,37,3197,3140
$IRPROXIMITY,3,63957,38,9,8,15,7,45,1,68,45,3195,3155
$IRPROXIMITY,4,64056,43,10,7,18,7,43,0,56,49,3188,3142
$IRPROXIMITY,5,64188,48,10,8,14,10,49,1,64,42,3190,3153
$IRPROXIMITY,6,64287,47,10,10,12,5,43,1,65,46,3201,3146
$IRPROXIMITY,7,64386,42,10,12,16,2,48,1,70,48,3197,3143
$IRPROXIMITY,8,64485,40,10,9,20,8,49,3,64,51,3199,3142
$IRPROXIMITY,9,64551,41,14,13,21,10,49,1,71,45,3185,3147
$POSITION,64
$IRPROXIMITY,0,65310,42,10,1,8,0,48,0,67,19,3124,3016
$IRPROXIMITY,1,65409,42,11,7,19,8,48,3,61,43,3148,3037
$IRPROXIMITY,2,5,42,7,8,16,9,52,0,62,47,3149,3043
$IRPROXIMITY,3,104,45,15,7,16,8,46,0,70,49,3139,3034
$IRPROXIMITY,4,203,39,15,10,12,8,48,3,72,45,3140,3047
$IRPROXIMITY,5,269,42,8,10,9,9,42,0,75,47,3134,3042
$IRPROXIMITY,6,368,39,13,6,12,6,45,1,71,50,3126,3039
$IRPROXIMITY,7,467,41,8,11,19,11,53,0,56,45,3138,3053
$IRPROXIMITY,8,566,38,9,8,18,8,53,7,53,45,3123,3043
$IRPROXIMITY,9,632,46,7,8,16,4,52,1,71,48,3121,3044
$POSITION,65
$IRPROXIMITY,0,1391,37,8,2,2,9,21,0,56,29,3099,2976
$IRPROXIMITY,1,1490,44,14,9,12,9,41,1,67,43,3117,2992
$IRPROXIMITY,2,1622,37,9,11,15,8,49,0,78,45,3116,2992
$IRPROXIMITY,3,1688,42,5,14,18,8,50,2,51,56,3114,2990
$IRPROXIMITY,4,1820,47,10,8,17,7,51,3,69,38,3126,2993
$IRPROXIMITY,5,1886,43,12,9,15,7,47,2,68,46,3115,3005
$IRPROXIMITY,6,2018,38,9,11,15,7,49,1,70,43,3128,3002
$IRPROXIMITY,7,2117,47,7,13,16,7,53,0,78,38,3120,2999
$IRPROXIMITY,8,2183,37,12,12,21,9,46,0,77,47,3120,2990
$IRPROXIMITY,9,2315,41,11,9,20,10,56,0,71,42,3122,2993
$POSITION,66
$IRPROXIMITY,0,3008,46,2,3,1,0,21,0,74,34,3190,2881
$IRPROXIMITY,1,3140,43,13,12,13,5,31,0,66,48,3208,2908
$IRPROXIMITY,2,3206,47,12,5,17,8,55,0,77,46,3197,2905
$IRPROXIMITY,3,3305,46,7,10,18,7,42,2,67,46,3195,2893
$IRPROXIMITY,4,3437,45,6,9,18,6,54,0,81,46,3198,2903
$IRPROXIMITY,5,3503,46,2,5,14,6,49,1,70,49,3193,2897
$IRPROXIMITY,6,3635,41,5,3,21,9,51,1,63,47,3194,2895
$IRPROXIMITY,7,3734,40,8,-1,13,3,50,1,57,48,3196,2900
$IRPROXIMITY,8,3800,34,12,9,13,9,47,1,60,45,3204,2897
$IRPROXIMITY,9,3932,40,10,5,8,4,46,2,58,46,3196,2905
$POSITION,67
$IRPROXIMITY,0,4658,35,10,9,1,1,26,0,53,33,3104,3048
$IRPROXIMITY,1,4757,44,2,5,13,8,44,2,66,44,3136,3065
$IRPROXIMITY,2,4823,41,9,8,11,5,53,3,57,38,3122,3072
$IRPROXIMITY,3,4955,38,8,8,14,5,48,4,65,48,3133,3061
$IRPROXIMITY,4,5021,40,10,5,14,7,51,0,77,41,3123,3068
$IRPROXIMITY,5,5120,33,14,13,12,10,51,2,72,50,3121,3058
$IRPROXIMITY,6,5219,47,6,10,11,6,51,3,70,45,3127,3055
$IRPROXIMITY,7,5318,40,7,14,19,6,49,0,68,41,3135,3068
$IRPROXIMITY,8,5384,38,9,15,15,8,49,0,60,41,3152,3050
$IRPROXIMITY,9,5483,39,13,13,13,5,52,0,60,45,3138,3046
$POSITION,68
$IRPROXIMITY,0,6275,35,8,3,4,0,19,1,64,27,3181,2723
$IRPROXIMITY,1,6341,49,8,8,9,7,47,1,76,45,3211,2747
$IRPROXIMITY,2,6440,48,9,4,13,7,47,0,72,50,3206,2744
$IRPROXIMITY,3,6539,42,9,9,18,5,45,0,79,46,3206,2741
$IRPROXIMITY,4,6671,41,11,12,20,7,47,3,68,44,3203,2751
$IRPROXIMITY,5,6770,41,3,10,15,6,52,0,63,43,3206,2747
$IRPROXIMITY,6,6803,33,10,11,18,8,48,1,71,44,3210,2751
$IRPROXIMITY,7,6902,42,2,13,14,7,47,1,78,43,3207,2745
$IRPROXIMITY,8,7034,35,4,15,18,6,48,0,66,49,3218,2735
$IRPROXIMITY,9,7100,43,4,10,14,4,44,1,59,47,3218,2739
$POSITION,69
$IRPROXIMITY,0,7859,39,1,0,4,0,24,0,52,23,3111,2806
$IRPROXIMITY,1,7958,42,12,9,14,5,45,0,69,45,3137,2861
$IRPROXIMITY,2,8090,49,10,11,12,4,53,2,70,46,3138,2856
$IRPROXIMITY,3,8189,40,11,8,18,6,46,2,78,44,3130,2856
$IRPROXIMITY,4,8255,46,9,6,13,7,51,2,70,43,3138,2861
$IRPROXIMITY,5,8321,41,12,9,14,7,46,3,64,46,3134,2855
$IRPROXIMITY,6,8453,35,9,2,16,7,49,0,66,48,3144,2849
$IRPROXIMITY,7,8552,44,14,6,10,5,47,1,61,47,3134,2852
$IRPROXIMITY,8,8684,43,11,11,14,6,46,0,66,46,3144,2856
$IRPROXIMITY,9,8750,44,2,3,17,6,47,0,66,47,3128,2848
$POSITION,70
$IRPROXIMITY,0,9476,39,5,9,4,0,19,0,50,22,3351,3015
$IRPROXIMITY,1,9608,44,14,6,17,7,44,1,74,47,3376,3034
$IRPROXIMITY,2,9707,40,9,14,16,3,47,1,71,33,3365,3029
$IRPROXIMITY,3,9773,34,9,8,19,10,50,0,58,48,3365,3045
$IRPROXIMITY,4,9872,47,5,5,9,9,42,2,70,50,3373,3032
$IRPROXIMITY,5,10004,45,8,10,20,9,47,1,73,48,3373,3049
$IRPROXIMITY,6,10103,45,3,10,16,6,48,2,68,43,3365,3043
$IRPROXIMITY,7,10202,43,7,5,10,7,46,4,79,45,3363,3035
$IRPROXIMITY,8,10301,47,7,14,14,7,47,4,76,38,3370,3026
$IRPROXIMITY,9,10334,46,11,3,14,9,45,2,63,46,3359,3034
$POSITION,71
$IRPROXIMITY,0,11159,42,4,1,1,0,29,0,76,21,3236,3099
$IRPROXIMITY,1,11258,42,12,5,12,6,43,0,73,50,3265,3125
$IRPROXIMITY,2,11357,40,9,10,12,7,47,0,75,46,3262,3125
$IRPROXIMITY,3,11489,41,13,11,10,6,47,1,77,46,3265,3130
$IRPROXIMITY,4,11555,41,11,9,15,5,47,0,71,43,3256,3124
$IRPROXIMITY,5,11654,45,14,8,11,2,51,0,69,49,3258,3126
$IRPROXIMITY,6,11786,44,10,7,14,6,50,1,69,42,3263,3125
$IRPROXIMITY,7,11852,42,11,8,13,5,47,2,74,45,3264,3131
$IRPROXIMITY,8,11918,42,10,8,10,8,45,2,77,49,3261,3126
$IRPROXIMITY,9,12050,39,10,12,8,6,44,0,71,37,3257,3136
$POSITION,72
$IRPROXIMITY,0,12776,38,8,8,4,0,17,0,58,22,2995,3120
$IRPROXIMITY,1,12908,39,11,14,10,5,54,1,73,46,3006,3134
$IRPROXIMITY,2,13007,37,13,10,17,4,46,1,75,45,3002,3136
$IRPROXIMITY,3,13106,39,1,2,12,10,48,1,56,47,3015,3134
$IRPROXIMITY,4,13172,39,11,9,16,7,52,2,65,48,3007,3133
$IRPROXIMITY,5,13271,49,12,6,18,2,47,2,71,47,3013,3136
$IRPROXIMITY,6,13403,47,14,8,15,8,45,3,59,36,3015,3143
$IRPROXIMITY,7,13469,38,11,8,16,7,47,1,74,50,3004,3133
$IRPROXIMITY,8,13568,40,7,7,15,7,45,0,62,49,3004,3146
$IRPROXIMITY,9,13700,39,5,11,12,6,52,3,60,40,3006,3132
$POSITION,73
$IRPROXIMITY,0,14393,42,6,4,1,0,17,0,55,33,3148,2961
$IRPROXIMITY,1,14492,37,6,10,13,7,42,0,72,47,3173,2986
$IRPROXIMITY,2,14624,40,11,13,15,4,41,1,65,49,3175,2982
$IRPROXIMITY,3,14690,44,10,7,13,8,45,0,51,43,3169,2999
$IRPROXIMITY,4,14822,44,5,12,16,9,49,1,72,43,3158,2994
$IRPROXIMITY,5,14888,46,13,12,16,7,50,3,64,44,3175,2990
$IRPROXIMITY,6,15020,46,12,11,16,8,49,3,69,41,3162,2986
$IRPROXIMITY,7,15119,43,4,8,15,6,46,1,78,48,3166,2983
$IRPROXIMITY,8,15185,42,16,11,15,1,51,0,71,42,3167,2985
$IRPROXIMITY,9,15317,41,13,13,15,6,41,0,68,45,3164,2989
$POSITION,74
$IRPROXIMITY,0,16076,30,12,3,5,0,30,0,57,34,3119,2870
$IRPROXIMITY,1,16175,42,8,10,13,9,47,1,59,39,3138,2889
$IRPROXIMITY,2,16241,39,12,6,10,9,45,1,76,45,3154,2882
$IRPROXIMITY,3,16307,37,5,12,15,2,46,2,58,40,3136,2876
$IRPROXIMITY,4,16439,40,12,8,11,2,48,3,70,40,3151,2899
$IRPROXIMITY,5,16538,41,9,5,16,5,48,0,72,43,3138,2868
$IRPROXIMITY,6,16670,42,11,6,11,9,52,0,53,41,3141,2886
$IRPROXIMITY,7,16736,45,10,5,15,8,46,0,74,42,3154,2885
$IRPROXIMITY,8,16802,33,8,11,14,7,45,1,74,39,3140,2893
$IRPROXIMITY,9,16901,48,-1,13,11,11,43,0,68,47,3150,2884
$POSITION,75
$IRPROXIMITY,0,17660,39,2,3,4,0,16,0,62,29,3148,2818
$IRPROXIMITY,1,17792,44,10,8,13,9,49,2,68,42,3167,2844
$IRPROXIMITY,2,17891,42,11,10,17,7,50,2,75,48,3166,2836
$IRPROXIMITY,3,17957,44,12,9,18,2,42,0,75,40,3181,2834
$IRPROXIMITY,4,18056,45,9,10,11,7,48,3,70,48,3168,2838
$IRPROXIMITY,5,18155,45,11,4,18,9,42,0,75,43,3171,2836
$IRPROXIMITY,6,18287,41,13,8,12,4,40,2,59,43,3173,2849
$IRPROXIMITY,7,18386,35,10,10,16,6,49,2,70,45,3182,2839
$IRPROXIMITY,8,18485,43,10,13,13,5,47,3,75,46,3171,2840
$IRPROXIMITY,9,18551,35,11,6,14,5,46,0,66,49,3164,2840
$POSITION,76
$IRPROXIMITY,0,19343,38,5,1,7,5,24,0,46,35,3129,2828
$IRPROXIMITY,1,19409,38,8,7,17,6,50,1,66,47,3161,2853
$IRPROXIMITY,2,19508,41,8,10,19,7,46,1,61,45,3161,2841
$IRPROXIMITY,3,19640,44,13,12,11,6,46,1,67,44,3152,2854
$IRPROXIMITY,4,19739,44,10,5,12,7,50,0,68,42,3152,2859
$IRPROXIMITY,5,19805,40,10,8,11,1,44,1,77,46,3155,2848
$IRPROXIMITY,6,19871,42,13,5,17,11,45,3,74,47,3151,2848
$IRPROXIMITY,7,20003,42,11,8,13,6,45,2,64,36,3152,2844
$IRPROXIMITY,8,20069,40,4,1,10,8,52,2,62,47,3161,2848
$IRPROXIMITY,9,20201,39,14,7,12,7,41,1,62,49,3165,2845
$POSITION,77
$IRPROXIMITY,0,20960,32,11,0,1,0,31,0,53,34,3232,2989
$IRPROXIMITY,1,21092,43,11,8,9,6,51,0,67,44,3235,2996
$IRPROXIMITY,2,21125,45,8,11,13,5,45,0,67,46,3243,3003
$IRPROXIMITY,3,21257,36,9,11,12,5,50,2,63,44,3242,3001
$IRPROXIMITY,4,21356,40,11,7,13,6,45,2,51,49,3233,3001
$IRPROXIMITY,5,21488,43,11,9,16,6,45,2,61,42,3235,2998
$IRPROXIMITY,6,21554,44,10,9,15,3,42,1,59,46,3236,3005
$IRPROXIMITY,7,21620,41,17,8,12,6,47,0,72,45,3238,3002
$IRPROXIMITY,8,21752,41,9,9,15,2,45,0,72,45,3232,2994
$IRPROXIMITY,9,21818,42,14,8,12,5,47,1,70,45,3238,3000
$POSITION,78
$IRPROXIMITY,0,22676,41,9,-2,1,6,21,0,52,26,2984,3001
$IRPROXIMITY,1,22742,43,12,9,10,6,46,0,67,44,2999,2995
$IRPROXIMITY,2,22874,47,13,9,14,10,53,2,70,45,3047,2922
$IRPROXIMITY,3,22940,39,15,8,13,4,49,3,72,43,3064,2923
$IRPROXIMITY,4,23006,41,7,12,16,7,45,0,62,40,3060,2926
$IRPROXIMITY,5,23105,33,2,12,18,6,47,0,73,45,3053,2917
$IRPROXIMITY,6,23237,38,10,4,17,8,47,3,66,45,3061,2943
$IRPROXIMITY,7,23303,46,6,13,16,6,48,0,60,44,3038,2956
$IRPROXIMITY,8,23402,34,8,5,16,6,49,2,68,47,3041,2964
$IRPROXIMITY,9,23534,44,12,3,10,4,46,2,64,44,3037,2959
$POSITION,79
$IRPROXIMITY,0,24293,39,6,1,1,0,23,0,65,47,3117,2700
$IRPROXIMITY,1,24392,40,11,6,20,8,45,1,61,44,3143,2728
$IRPROXIMITY,2,24458,43,13,2,19,10,46,0,74,45,3142,2713
$IRPROXIMITY,3,24557,49,4,6,12,9,43,0,74,50,3140,2726
$IRPROXIMITY,4,24689,43,13,8,11,8,43,1,72,44,3144,2706
$IRPROXIMITY,5,24788,42,19,10,13,9,48,1,70,38,3133,2704
$IRPROXIMITY,6,24887,44,13,11,14,7,41,1,69,42,3143,2689
$IRPROXIMITY,7,24986,44,11,9,17,5,44,1,60,47,3141,2687
$IRPROXIMITY,8,25052,40,10,10,16,7,42,1,72,52,3144,2691
$IRPROXIMITY,9,25184,42,9,8,17,6,43,2,67,48,3144,2686
$POSITION,80
$IRPROXIMITY,0,25877,37,6,5,0,0,32,0,56,18,3382,2824
$IRPROXIMITY,1,26009,40,11,9,16,6,48,2,57,49,3362,2839
$IRPROXIMITY,2,26108,44,1,3,16,4,47,2,63,44,3369,2841
$IRPROXIMITY,3,26174,39,13,10,15,4,46,2,71,44,3373,2854
$IRPROXIMITY,4,26273,43,10,4,15,6,51,1,51,48,3361,2858
$IRPROXIMITY,5,26405,41,12,12,13,3,47,0,66,38,3363,2857
$IRPROXIMITY,6,26471,46,15,6,17,5,47,0,74,47,3360,2856
$IRPROXIMITY,7,26603,40,13,12,10,5,43,0,68,36,3370,2835
$IRPROXIMITY,8,26702,46,3,13,18,6,47,0,70,43,3359,2840
$IRPROXIMITY,9,26768,44,8,8,5,2,42,1,52,45,3363,2851
$POSITION,81
$IRPROXIMITY,0,27527,31,6,4,6,0,26,0,50,18,3379,2977
$IRPROXIMITY,1,27659,34,8,11,14,4,50,0,65,46,3396,3010
$IRPROXIMITY,2,27725,41,8,10,13,7,47,1,68,39,3398,3007
$IRPROXIMITY,3,27857,39,12,8,13,6,45,0,68,47,3401,3005
$IRPROXIMITY,4,27923,37,7,10,15,7,47,0,64,45,3409,2985
$IRPROXIMITY,5,28055,48,5,10,13,9,44,3,81,44,3409,2983
$IRPROXIMITY,6,28154,41,10,9,9,8,43,0,69,47,3407,2979
$IRPROXIMITY,7,28220,39,15,9,15,4,44,1,71,43,3412,2986
$IRPROXIMITY,8,28352,35,8,14,13,4,47,2,66,51,3404,2990
$IRPROXIMITY,9,28418,37,16,4,15,5,48,0,59,43,3408,2987
$POSITION,82
$IRPROXIMITY,0,29144,42,5,4,4,0,24,0,78,22,3318,2944
$IRPROXIMITY,1,29276,42,10,10,15,10,46,1,61,43,3332,2963
$IRPROXIMITY,2,29342,40,7,7,18,5,46,0,57,39,3336,2961
$IRPROXIMITY,3,29474,40,10,10,14,3,45,0,75,42,3334,2966
$IRPROXIMITY,4,29573,40,11,8,16,8,42,3,67,44,3327,2976
$IRPROXIMITY,5,29639,43,12,9,15,2,44,2,55,48,3330,2964
$IRPROXIMITY,6,29771,50,10,9,14,9,41,0,61,43,3332,2964
$IRPROXIMITY,7,29837,45,13,6,13,6,46,3,75,42,3327,2970
$IRPROXIMITY,8,29936,41,12,3,16,7,49,3,75,45,3329,2965
$IRPROXIMITY,9,30035,40,12,11,14,4,43,0,60,47,3334,2976
$POSITION,83
$IRPROXIMITY,0,30827,40,8,3,4,0,22,0,57,27,3160,2880
$IRPROXIMITY,1,30893,35,10,12,14,6,39,0,66,43,3192,2887
$IRPROXIMITY,2,31025,43,10,10,14,1,49,3,70,47,3174,2882
$IRPROXIMITY,3,31091,44,2,15,11,4,41,4,63,50,3175,2890
$IRPROXIMITY,4,31223,37,6,14,17,4,46,4,64,43,3184,2876
$IRPROXIMITY,5,31322,41,11,8,18,8,51,3,61,50,3174,2884
$IRPROXIMITY,6,31388,32,9,7,18,9,47,1,57,45,3170,2882
$IRPROXIMITY,7,31487,40,5,9,9,4,47,3,59,40,3166,2879
$IRPROXIMITY,8,31586,42,12,7,11,5,54,4,62,41,3182,2878
$IRPROXIMITY,9,31685,38,6,5,7,6,46,0,52,46,3165,2882
$POSITION,84
$IRPROXIMITY,0,32510,34,10,4,6,0,19,0,54,52,3102,2860
$IRPROXIMITY,1,32609,47,9,11,14,4,53,2,63,38,3128,2894
$IRPROXIMITY,2,32675,43,10,9,12,4,49,1,57,41,3136,2878
$IRPROXIMITY,3,32807,45,13,6,11,2,43,0,69,40,3123,2891
$IRPROXIMITY,4,32906,41,5,4,17,4,42,0,71,41,3133,2887
$IRPROXIMITY,5,32972,41,9,11,16,9,41,0,75,46,3139,2879
$IRPROXIMITY,6,33071,43,14,10,12,7,47,2,68,40,3129,2890
$IRPROXIMITY,7,33170,44,12,11,13,6,46,2,74,41,3133,2887
$IRPROXIMITY,8,33269,44,8,9,9,7,43,0,79,40,3118,2883
$IRPROXIMITY,9,33401,40,6,8,8,3,43,1,78,45,3121,2876
$POSITION,85
$IRPROXIMITY,0,34094,40,6,3,2,0,44,0,56,20,3319,2983
$IRPROXIMITY,1,34226,42,7,4,10,9,38,0,55,49,3338,3016
$IRPROXIMITY,2,34292,39,4,8,13,5,40,0,67,39,3299,3007
$IRPROXIMITY,3,34424,42,10,11,13,5,42,1,67,42,3294,2997
$IRPROXIMITY,4,34523,39,5,11,14,6,41,3,70,41,3302,2998
$IRPROXIMITY,5,34589,38,10,10,14,7,39,2,57,45,3301,2994
$IRPROXIMITY,6,34721,45,10,3,15,6,44,1,69,43,3298,2988
$IRPROXIMITY,7,34787,42,10,9,15,1,49,0,64,40,3299,2989
$IRPROXIMITY,8,34886,42,11,13,10,4,46,2,56,41,3290,2967
$IRPROXIMITY,9,34985,38,8,15,13,6,42,0,68,50,3296,2971
$POSITION,86
$IRPROXIMITY,0,35777,42,4,4,1,0,21,0,62,30,3386,2722
$IRPROXIMITY,1,35942,38,13,8,14,5,45,1,68,40,3390,2741
$IRPROXIMITY,2,35975,46,13,10,11,5,47,1,58,38,3396,2743
$IRPROXIMITY,3,36074,48,10,4,15,7,52,1,64,45,3404,2745
$IRPROXIMITY,4,36206,47,9,8,13,4,47,0,65,39,3399,2743
$IRPROXIMITY,5,36272,50,7,8,10,4,45,0,68,42,3399,2746
$IRPROXIMITY,6,36404,44,11,9,18,6,45,0,68,45,3398,2744
$IRPROXIMITY,7,36503,41,5,6,16,5,46,0,64,45,3395,2743
$IRPROXIMITY,8,36569,37,8,15,16,3,46,0,71,47,3396,2749
$IRPROXIMITY,9,36668,44,9,10,11,6,44,0,55,42,3394,2748
$POSITION,87
$IRPROXIMITY,0,37493,32,5,2,5,0,21,0,62,41,3297,2801
$IRPROXIMITY,1,37559,45,12,9,13,4,48,0,67,38,3326,2819
$IRPROXIMITY,2,37691,39,6,8,11,12,47,0,65,49,3305,2812
$IRPROXIMITY,3,37757,45,12,9,13,2,49,0,55,46,3278,2820
$IRPROXIMITY,4,37856,32,9,9,14,3,41,1,60,46,3268,2810
$IRPROXIMITY,5,37988,39,11,3,13,9,41,0,57,46,3249,2807
$IRPROXIMITY,6,38054,45,12,9,10,-1,50,0,56,44,3274,2816
$IRPROXIMITY,7,38153,41,4,11,14,3,42,2,75,45,3271,2812
$IRPROXIMITY,8,38252,43,12,9,5,6,49,0,74,45,3268,2826
$IRPROXIMITY,9,38351,37,10,7,12,9,45,2,76,38,3274,2824
$POSITION,88
$IRPROXIMITY,0,39077,41,3,5,1,0,24,0,75,19,3251,2886
$IRPROXIMITY,1,39176,42,10,9,12,2,45,3,63,47,3280,2911
$IRPROXIMITY,2,39275,42,13,8,16,5,45,0,72,49,3278,2924
$IRPROXIMITY,3,39407,44,11,6,13,6,45,1,67,43,3279,2910
$IRPROXIMITY,4,39473,44,14,7,15,3,44,2,68,46,3270,2916
$IRPROXIMITY,5,39605,43,7,13,10,1,42,4,81,44,3280,2906
$IRPROXIMITY,6,39704,39,9,10,9,6,50,1,70,50,3270,2918
$IRPROXIMITY,7,39770,45,13,7,14,9,47,1,67,43,3275,2922
$IRPROXIMITY,8,39902,37,11,10,17,6,46,2,68,42,3272,2912
$IRPROXIMITY,9,39968,42,9,8,14,7,46,1,68,46,3272,2913
$POSITION,89
$IRPROXIMITY,0,40727,35,10,1,6,0,29,0,53,47,3341,2941
$IRPROXIMITY,1,40826,46,12,9,13,3,45,2,65,45,3363,2945
$IRPROXIMITY,2,40925,39,12,2,12,3,51,0,58,42,3357,2941
$IRPROXIMITY,3,40991,37,12,3,13,6,44,0,64,44,3351,2935
$IRPROXIMITY,4,41090,38,12,11,11,3,40,3,47,45,3338,2935
$IRPROXIMITY,5,41189,43,12,9,10,6,50,3,70,38,3328,2942
$IRPROXIMITY,6,41321,36,4,2,14,7,55,1,59,46,3320,2931
$IRPROXIMITY,7,41420,39,6,9,15,6,46,3,79,46,3314,2937
$IRPROXIMITY,8,41486,43,10,12,13,10,46,1,63,40,3326,2927
$IRPROXIMITY,9,41618,39,9,6,9,7,47,2,68,48,3313,2935
$POSITION,90
$IRPROXIMITY,0,42311,39,1,1,1,0,29,0,54,17,3230,2988
$IRPROXIMITY,1,42410,39,11,5,15,5,48,4,66,40,3225,3018
$IRPROXIMITY,2,42509,40,6,6,14,5,41,2,76,40,3229,3007
$IRPROXIMITY,3,42608,47,13,14,11,2,51,3,64,48,3230,3016
$IRPROXIMITY,4,42707,45,1,9,14,5,48,2,77,45,3218,3007
$IRPROXIMITY,5,42839,48,12,14,13,6,43,2,76,42,3226,3013
$IRPROXIMITY,6,42938,46,2,10,15,4,39,1,61,43,3222,3021
$IRPROXIMITY,7,43037,39,8,12,15,4,47,1,76,51,3221,3017
$IRPROXIMITY,8,43136,46,8,2,17,8,46,0,64,44,3219,3005
$IRPROXIMITY,9,43202,45,7,8,12,3,47,0,67,43,3228,3011
$POSITION,91
$IRPROXIMITY,0,43994,32,13,1,4,0,23,0,47,29,3098,2883
$IRPROXIMITY,1,44060,42,6,3,14,4,39,0,75,48,3118,2899
$IRPROXIMITY,2,44159,39,6,11,16,4,44,0,69,39,3131,2893
$IRPROXIMITY,3,44291,41,5,11,13,8,46,0,73,49,3132,2897
$IRPROXIMITY,4,44390,43,11,1,9,5,39,0,76,46,3129,2897
$IRPROXIMITY,5,44489,39,12,9,11,5,38,1,70,46,3125,2899
$IRPROXIMITY,6,44588,46,11,9,13,3,44,2,61,46,3119,2905
$IRPROXIMITY,7,44687,35,12,7,11,3,44,3,67,45,3120,2909
$IRPROXIMITY,8,44753,42,11,9,5,8,40,1,61,42,3119,2901
$IRPROXIMITY,9,44852,43,10,11,11,2,44,2,59,43,3134,2899
$POSITION,92
$IRPROXIMITY,0,45644,48,4,4,2,0,21,0,72,22,3167,2814
$IRPROXIMITY,1,45743,42,7,4,10,6,48,0,59,47,3177,2848
$IRPROXIMITY,2,45842,41,10,9,10,5,47,0,63,42,3188,2834
$IRPROXIMITY,3,45974,46,7,8,16,5,47,1,58,46,3180,2831
$IRPROXIMITY,4,46073,47,8,9,11,3,44,0,64,47,3148,2862
$IRPROXIMITY,5,46172,41,14,9,13,5,44,1,69,47,3110,2869
$IRPROXIMITY,6,46238,37,9,8,10,5,49,2,63,40,3114,2870
$IRPROXIMITY,7,46370,38,11,10,14,7,49,1,73,46,3114,2866
$IRPROXIMITY,8,46436,38,13,12,17,4,42,1,65,42,3112,2869
$IRPROXIMITY,9,46568,35,14,10,17,6,47,2,66,47,3116,2863
$POSITION,93
$IRPROXIMITY,0,47294,33,0,6,3,3,20,0,67,33,3313,2947
$IRPROXIMITY,1,47426,47,11,11,12,5,40,2,79,43,3331,2943
$IRPROXIMITY,2,47525,38,12,2,19,5,47,0,66,44,3341,2955
$IRPROXIMITY,3,47657,42,4,12,14,5,47,0,83,38,3331,2943
$IRPROXIMITY,4,47723,38,8,8,19,5,48,0,67,41,3340,2952
$IRPROXIMITY,5,47789,36,9,9,13,7,42,0,57,48,3339,2942
$IRPROXIMITY,6,47888,42,8,16,12,7,46,0,66,41,3330,2941
$IRPROXIMITY,7,48020,45,11,4,18,6,43,2,76,50,3340,2942
$IRPROXIMITY,8,48086,46,7,5,12,4,46,0,57,43,3341,2945
$IRPROXIMITY,9,48218,41,10,5,15,9,38,2,76,48,3336,2942
$POSITION,94
$IRPROXIMITY,0,48944,32,8,2,7,0,30,0,68,32,3329,2886
$IRPROXIMITY,1,49043,38,11,6,13,8,40,1,61,43,3360,2912
$IRPROXIMITY,2,49142,39,5,5,16,9,41,2,69,45,3345,2904
$IRPROXIMITY,3,49241,35,3,9,13,9,48,0,73,43,3357,2906
$IRPROXIMITY,4,49340,47,11,1,12,1,51,0,75,45,3342,2900
$IRPROXIMITY,5,49406,36,10,11,13,0,43,2,59,50,3296,2907
$IRPROXIMITY,6,49505,38,6,14,10,7,41,3,71,48,3289,2913
$IRPROXIMITY,7,49604,36,13,1,12,6,47,1,63,50,3300,2909
$IRPROXIMITY,8,49703,36,7,11,12,3,41,2,57,43,3289,2904
$IRPROXIMITY,9,49835,33,5,15,15,2,48,0,47,45,3295,2915
$POSITION,95
$IRPROXIMITY,0,50594,45,12,1,1,6,21,0,58,27,3130,2832
$IRPROXIMITY,1,50660,39,12,10,9,6,41,3,68,47,3148,2844
$IRPROXIMITY,2,50759,46,7,9,12,3,44,0,60,46,3155,2837
$IRPROXIMITY,3,50891,40,14,10,11,6,47,1,67,42,3166,2853
$IRPROXIMITY,4,50957,40,13,12,15,5,49,3,69,46,3160,2857
$IRPROXIMITY,5,51023,43,12,8,18,4,43,2,67,46,3159,2847
$IRPROXIMITY,6,51122,37,12,11,14,8,44,0,62,43,3161,2847
$IRPROXIMITY,7,51221,49,9,13,15,7,48,0,70,41,3151,2846
$IRPROXIMITY,8,51320,44,11,10,8,7,46,1,72,38,3135,2819
$IRPROXIMITY,9,51452,36,13,7,9,3,47,1,43,44,3120,2812
$POSITION,96
$IRPROXIMITY,0,52178,41,8,1,2,0,18,0,48,30,3135,2861
$IRPROXIMITY,1,52310,39,10,7,11,7,43,2,63,44,3160,2890
$IRPROXIMITY,2,52409,40,11,10,12,5,51,0,59,47,3157,2878
$IRPROXIMITY,3,52475,45,6,7,11,6,48,0,75,45,3142,2890
$IRPROXIMITY,4,52607,39,11,3,17,10,48,0,60,47,3156,2892
$IRPROXIMITY,5,52706,46,10,10,12,6,48,0,65,49,3145,2886
$IRPROXIMITY,6,52805,41,10,9,17,5,45,0,76,40,3157,2888
$IRPROXIMITY,7,52871,40,12,12,18,5,50,0,74,37,3146,2892
$IRPROXIMITY,8,53003,42,10,9,9,5,50,1,73,45,3155,2880
$IRPROXIMITY,9,53102,42,10,11,12,5,48,0,74,43,3156,2878
$POSITION,97
$IRPROXIMITY,0,53795,39,1,5,1,0,33,0,43,22,3186,2879
$IRPROXIMITY,1,53927,37,12,10,11,4,50,1,64,46,3181,2897
$IRPROXIMITY,2,53993,41,10,11,11,6,49,0,67,47,3184,2894
$IRPROXIMITY,3,54125,44,8,5,10,6,47,0,55,44,3193,2901
$IRPROXIMITY,4,54224,38,11,13,10,4,47,0,75,47,3188,2895
$IRPROXIMITY,5,54323,41,15,13,12,3,49,0,58,44,3185,2898
$IRPROXIMITY,6,54422,41,11,9,15,6,45,0,65,37,3183,2905
$IRPROXIMITY,7,54521,39,13,4,14,8,43,2,71,44,3183,2897
$IRPROXIMITY,8,54587,46,13,11,6,1,46,0,76,47,3193,2898
$IRPROXIMITY,9,54686,44,12,11,14,6,46,0,69,40,3191,2899
$POSITION,98
$IRPROXIMITY,0,55412,38,8,4,3,0,45,0,65,24,3187,2620
$IRPROXIMITY,1,55511,43,7,9,16,6,42,0,70,46,3203,2642
$IRPROXIMITY,2,55643,45,13,6,10,5,50,0,64,45,3202,2652
$IRPROXIMITY,3,55742,40,8,7,13,6,47,0,61,47,3207,2647
$IRPROXIMITY,4,55808,40,9,9,15,5,45,0,49,49,3201,2645
$IRPROXIMITY,5,55940,44,10,9,12,2,45,0,63,43,3203,2647
$IRPROXIMITY,6,56006,43,13,8,14,5,45,0,71,45,3205,2646
$IRPROXIMITY,7,56105,47,2,10,15,5,41,0,70,44,3205,2639
$IRPROXIMITY,8,56204,40,14,13,14,6,47,1,71,41,3198,2658
$IRPROXIMITY,9,56303,50,3,13,13,3,43,0,69,44,3206,2653
$POSITION,99
$IRPROXIMITY,0,57029,50,1,4,1,0,20,0,62,31,3239,2769
$IRPROXIMITY,1,57194,40,11,12,12,1,45,1,79,40,3263,2783
$IRPROXIMITY,2,57227,40,15,10,12,3,46,0,68,48,3250,2782
$IRPROXIMITY,3,57326,40,15,8,14,4,39,1,66,48,3252,2799
$IRPROXIMITY,4,57458,42,12,10,9,2,41,1,56,38,3254,2781
$IRPROXIMITY,5,57557,36,11,10,15,5,41,1,61,48,3262,2780
$IRPROXIMITY,6,57656,44,12,10,11,5,48,0,69,49,3253,2781
$IRPROXIMITY,7,57755,46,13,9,13,6,49,0,65,46,3250,2786
$IRPROXIMITY,8,57821,51,11,12,12,6,42,1,69,42,3251,2780
$IRPROXIMITY,9,57920,39,11,2,9,7,50,0,59,35,3250,2793
$POSITION,100
$IRPROXIMITY,0,58646,38,6,-1,1,0,16,0,59,28,2978,2780
$IRPROXIMITY,1,58778,39,13,12,9,4,42,1,65,44,3018,2792
$IRPROXIMITY,2,58877,37,11,9,12,2,43,0,54,42,3000,2788
$IRPROXIMITY,3,58976,45,8,9,18,3,46,2,60,46,3002,2788
$IRPROXIMITY,4,59075,39,11,11,15,6,50,1,75,40,3005,2792
$IRPROXIMITY,5,59174,44,13,8,10,3,46,0,63,42,3014,2773
$IRPROXIMITY,6,59273,38,11,7,9,5,43,1,52,45,3006,2778
$IRPROXIMITY,7,59339,35,8,7,15,4,46,0,78,49,3006,2784
$IRPROXIMITY,8,59471,41,10,10,14,3,47,0,49,45,2999,2780
$IRPROXIMITY,9,59537,45,7,10,14,4,46,2,57,41,3001,2758
