$POSITION,1
$IRPROXIMITY,0,48393,102,22,861,3980,3985,1450,5,131,86,3976,3973
$IRPROXIMITY,1,48525,95,36,870,3976,3982,1449,30,135,114,3979,3969
$IRPROXIMITY,2,48624,95,21,884,3976,3982,1405,26,123,111,3977,3975
$IRPROXIMITY,3,48690,94,27,877,3978,3982,1406,25,124,112,3979,3969
$IRPROXIMITY,4,48789,101,27,870,3977,3984,1406,33,132,110,3978,3974
$IRPROXIMITY,5,48888,98,28,881,3978,3985,1407,30,111,102,3977,3974
$IRPROXIMITY,6,49020,90,24,880,3977,3981,1402,30,120,107,3979,3975
$IRPROXIMITY,7,49119,99,32,885,3977,3983,1405,29,117,102,3977,3973
$IRPROXIMITY,8,49218,97,29,884,3979,3982,1399,27,139,105,3979,3974
$IRPROXIMITY,9,49317,97,31,879,3980,3983,1401,25,112,107,3979,3971
$POSITION,2
$IRPROXIMITY,0,50142,92,24,627,3961,3963,937,11,114,78,3978,3974
$IRPROXIMITY,1,50241,95,22,635,3959,3962,957,23,120,104,3979,3973
$IRPROXIMITY,2,50373,102,33,634,3959,3963,961,34,141,98,3976,3971
$IRPROXIMITY,3,50472,99,27,633,3960,3960,960,31,126,99,3978,3968
$IRPROXIMITY,4,50571,96,28,636,3959,3964,955,21,128,114,3977,3974
$IRPROXIMITY,5,50670,91,34,634,3961,3962,954,21,119,110,3979,3973
$IRPROXIMITY,6,50736,98,29,636,3959,3961,954,27,127,104,3978,3972
$IRPROXIMITY,7,50868,100,30,634,3959,3965,954,24,130,100,3977,3971
$IRPROXIMITY,8,50934,96,33,631,3961,3964,961,29,122,108,3977,3972
$IRPROXIMITY,9,51033,98,35,634,3957,3964,959,21,133,108,3979,3974
$POSITION,3
$IRPROXIMITY,0,51792,94,25,453,3932,3946,780,10,112,98,3977,3974
$IRPROXIMITY,1,51957,97,29,455,3932,3947,810,23,118,105,3977,3975
$IRPROXIMITY,2,51990,99,34,446,3932,3943,806,27,126,107,3977,3971
$IRPROXIMITY,3,52122,100,28,452,3934,3946,808,31,109,100,3979,3972
$IRPROXIMITY,4,52188,102,28,458,3933,3947,808,25,111,105,3978,3970
$IRPROXIMITY,5,52320,97,33,464,3937,3947,809,30,129,109,3978,3972
$IRPROXIMITY,6,52419,97,23,452,3932,3947,798,24,102,107,3977,3977
$IRPROXIMITY,7,52485,91,31,453,3937,3944,807,29,124,108,3975,3974
$IRPROXIMITY,8,52584,101,28,442,3932,3948,806,31,112,99,3979,3972
$IRPROXIMITY,9,52683,95,25,456,3936,3948,789,29,119,104,3979,3969
$POSITION,4
$IRPROXIMITY,0,53904,92,28,340,3274,3552,594,8,120,87,3976,3973
$IRPROXIMITY,1,54003,101,27,355,3283,3565,609,29,119,101,3977,3971
$IRPROXIMITY,2,54135,100,27,357,3273,3563,614,24,126,106,3978,3970
$IRPROXIMITY,3,54234,96,39,361,3274,3564,611,21,138,110,3976,3972
$IRPROXIMITY,4,54267,96,32,364,3275,3561,610,29,137,107,3978,3972
$IRPROXIMITY,5,54366,92,30,360,3275,3561,610,19,140,103,3977,3972
$IRPROXIMITY,6,54498,94,32,364,3276,3562,610,21,148,109,3977,3973
$IRPROXIMITY,7,54564,103,34,360,3274,3562,613,29,121,109,3978,3971
$IRPROXIMITY,8,54696,100,28,359,3274,3560,612,29,110,101,3977,3970
$IRPROXIMITY,9,54795,98,31,363,3276,3561,614,25,110,102,3979,3970
$POSITION,5
$IRPROXIMITY,0,55554,98,23,253,2418,2878,542,15,110,87,3977,3971
$IRPROXIMITY,1,55653,99,27,264,2433,2890,565,27,127,108,3979,3972
$IRPROXIMITY,2,55719,100,26,266,2429,2891,564,26,112,102,3979,3968
$IRPROXIMITY,3,55818,100,24,264,2423,2887,565,27,127,104,3977,3974
$IRPROXIMITY,4,55917,102,35,275,2426,2877,555,22,119,110,3978,3974
$IRPROXIMITY,5,56016,99,19,276,2413,2849,542,20,121,106,3977,3971
$IRPROXIMITY,6,56148,89,36,282,2422,2850,552,22,125,110,3978,3970
$IRPROXIMITY,7,56247,105,29,269,2424,2844,550,24,124,109,3978,3970
$IRPROXIMITY,8,56346,98,28,271,2428,2851,554,24,118,107,3978,3970
$IRPROXIMITY,9,56445,100,31,272,2424,2844,553,20,120,108,3978,3973
$POSITION,6
$IRPROXIMITY,0,57204,88,29,211,1748,2027,419,12,124,89,3976,3974
$IRPROXIMITY,1,57303,97,25,221,1760,2042,451,20,126,109,3979,3972
$IRPROXIMITY,2,57402,93,25,228,1757,2039,444,29,124,102,3978,3971
$IRPROXIMITY,3,57501,94,30,231,1754,2037,443,25,133,108,3979,3969
$IRPROXIMITY,4,57567,103,31,227,1754,2041,449,27,119,110,3977,3970
$IRPROXIMITY,5,57666,91,32,228,1747,2034,445,29,126,108,3977,3970
$IRPROXIMITY,6,57765,100,34,226,1755,2037,454,29,127,105,3979,3971
$IRPROXIMITY,7,57864,99,31,225,1753,2032,451,28,130,106,3978,3972
$IRPROXIMITY,8,57996,97,28,221,1759,2033,453,24,120,109,3977,3972
$IRPROXIMITY,9,58095,101,29,221,1748,2039,447,27,119,101,3977,3972
$POSITION,7
$IRPROXIMITY,0,58821,101,21,175,1398,1705,404,3,113,88,3977,3973
$IRPROXIMITY,1,58953,96,27,187,1421,1713,414,22,109,108,3979,3975
$IRPROXIMITY,2,59019,101,22,186,1406,1690,414,25,132,104,3977,3974
$IRPROXIMITY,3,59151,94,28,188,1412,1683,409,18,124,109,3977,3971
$IRPROXIMITY,4,59217,98,24,194,1403,1676,408,23,125,101,3977,3973
$IRPROXIMITY,5,59349,101,30,185,1402,1683,411,24,136,102,3978,3972
$IRPROXIMITY,6,59448,102,32,181,1406,1662,408,20,123,106,3979,3970
$IRPROXIMITY,7,59514,103,31,186,1396,1671,409,27,118,103,3978,3970
$IRPROXIMITY,8,59646,94,26,188,1401,1669,413,25,128,105,3978,3973
$IRPROXIMITY,9,59712,91,34,189,1400,1670,404,20,132,110,3977,3971
$POSITION,8
$IRPROXIMITY,0,60570,94,27,148,1044,1241,353,4,111,79,3977,3975
$IRPROXIMITY,1,60636,96,31,152,1053,1264,351,19,119,111,3976,3971
$IRPROXIMITY,2,60768,101,35,155,1047,1256,353,28,120,107,3979,3971
$IRPROXIMITY,3,60867,97,27,155,1050,1260,351,23,128,110,3977,3969
$IRPROXIMITY,4,60999,103,28,145,1046,1258,355,33,137,96,3978,3972
$IRPROXIMITY,5,61065,106,29,151,1049,1262,360,25,127,105,3977,3971
$IRPROXIMITY,6,61131,92,28,148,1049,1262,356,20,123,108,3979,3971
$IRPROXIMITY,7,61230,98,31,149,1051,1257,357,27,125,107,3979,3976
$IRPROXIMITY,8,61362,100,29,144,1053,1262,350,17,121,110,3977,3973
$IRPROXIMITY,9,61428,99,34,147,1045,1263,347,26,126,106,3980,3974
$POSITION,9
$IRPROXIMITY,0,64959,99,23,129,866,1049,289,16,122,89,3977,3974
$IRPROXIMITY,1,64992,98,31,135,884,1070,324,28,124,103,3977,3973
$IRPROXIMITY,2,65124,93,31,134,882,1070,333,24,123,108,3979,3972
$IRPROXIMITY,3,65190,101,34,131,886,1065,326,27,129,109,3976,3971
$IRPROXIMITY,4,65322,98,30,131,886,1065,329,27,125,104,3978,3971
$IRPROXIMITY,5,65388,98,26,125,884,1067,322,22,122,106,3978,3975
$IRPROXIMITY,6,65520,95,29,132,888,1074,319,20,130,109,3979,3972
$IRPROXIMITY,7,83,90,31,136,879,1070,331,26,122,111,3980,3975
$IRPROXIMITY,8,149,98,26,138,882,1068,324,24,129,104,3977,3970
$IRPROXIMITY,9,248,112,29,136,885,1065,330,20,138,105,3977,3970
$POSITION,10
$IRPROXIMITY,0,1040,89,26,100,682,819,274,11,122,107,3977,3975
$IRPROXIMITY,1,1139,94,27,116,693,834,290,17,124,107,3978,3968
$IRPROXIMITY,2,1205,102,31,116,697,837,284,24,137,110,3980,3972
$IRPROXIMITY,3,1337,96,32,109,693,843,278,22,118,102,3977,3972
$IRPROXIMITY,4,1403,93,22,111,694,842,294,24,125,104,3975,3970
$IRPROXIMITY,5,1469,97,28,118,697,836,288,17,122,103,3977,3971
$IRPROXIMITY,6,1634,100,23,107,693,838,285,22,113,107,3977,3972
$IRPROXIMITY,7,1700,92,32,113,694,839,282,24,131,108,3978,3971
$IRPROXIMITY,8,1832,99,31,115,695,837,290,25,135,108,3980,3971
$IRPROXIMITY,9,1865,96,28,113,696,836,287,24,120,111,3978,3974
$POSITION,11
$IRPROXIMITY,0,2723,91,36,89,606,725,241,7,119,92,3977,3974
$IRPROXIMITY,1,2822,101,30,104,617,741,270,19,118,106,3977,3972
$IRPROXIMITY,2,2921,101,32,97,619,738,272,21,124,103,3978,3972
$IRPROXIMITY,3,3020,96,37,107,610,740,272,25,133,112,3978,3969
$IRPROXIMITY,4,3119,103,32,98,611,734,271,28,112,106,3978,3967
$IRPROXIMITY,5,3185,97,27,109,607,740,270,19,142,111,3977,3972
$IRPROXIMITY,6,3284,96,24,104,609,730,270,18,126,114,3979,3975
$IRPROXIMITY,7,3383,108,34,102,604,737,273,28,132,105,3979,3971
$IRPROXIMITY,8,3482,99,22,103,602,737,273,18,114,107,3977,3975
$IRPROXIMITY,9,3614,97,32,102,611,737,276,24,124,105,3977,3974
$POSITION,12
$IRPROXIMITY,0,4505,92,32,87,491,572,230,15,127,89,3977,3975
$IRPROXIMITY,1,4604,98,28,90,503,604,250,28,132,100,3977,3972
$IRPROXIMITY,2,4703,96,30,89,505,598,251,25,121,95,3979,3972
$IRPROXIMITY,3,4835,93,25,88,507,601,239,21,130,110,3979,3970
$IRPROXIMITY,4,4901,96,31,95,501,604,245,22,125,104,3979,3971
$IRPROXIMITY,5,4967,99,33,90,507,601,249,16,129,95,3978,3973
$IRPROXIMITY,6,5066,98,28,89,507,603,238,27,109,107,3979,3971
$IRPROXIMITY,7,5198,100,30,82,506,600,249,23,122,107,3979,3972
$IRPROXIMITY,8,5264,98,24,95,499,602,246,30,124,100,3978,3973
$IRPROXIMITY,9,5396,93,28,96,500,601,241,21,123,110,3979,3970
$POSITION,13
$IRPROXIMITY,0,6155,99,27,77,453,501,238,3,129,85,3977,3975
$IRPROXIMITY,1,6254,93,28,90,452,535,231,28,129,109,3979,3970
$IRPROXIMITY,2,6386,102,27,91,445,529,230,26,119,104,3978,3970
$IRPROXIMITY,3,6419,93,33,86,446,536,234,23,124,105,3979,3971
$IRPROXIMITY,4,6551,91,25,83,445,538,235,23,120,106,3977,3970
$IRPROXIMITY,5,6617,98,31,81,437,536,236,24,141,102,3976,3972
$IRPROXIMITY,6,6749,96,28,89,441,531,236,20,133,101,3977,3972
$IRPROXIMITY,7,6815,96,30,94,442,527,227,24,123,108,3979,3975
$IRPROXIMITY,8,6947,93,32,85,443,531,230,22,107,110,3977,3972
$IRPROXIMITY,9,7013,100,35,79,444,531,236,23,108,107,3977,3971
$POSITION,14
$IRPROXIMITY,0,7871,101,28,71,367,417,215,6,116,80,3976,3974
$IRPROXIMITY,1,7937,104,31,73,381,449,212,26,123,109,3978,3974
$IRPROXIMITY,2,8036,97,34,76,377,440,215,19,128,103,3978,3971
$IRPROXIMITY,3,8135,91,33,79,382,439,211,24,135,102,3979,3974
$IRPROXIMITY,4,8267,92,31,81,380,444,210,28,132,105,3978,3972
$IRPROXIMITY,5,8366,101,33,81,386,449,221,24,125,99,3977,3972
$IRPROXIMITY,6,8465,102,37,77,385,449,219,27,124,103,3978,3973
$IRPROXIMITY,7,8531,98,28,79,384,454,212,17,122,111,3978,3969
$IRPROXIMITY,8,8663,94,26,81,385,452,214,26,122,106,3979,3970
$IRPROXIMITY,9,8729,91,32,82,383,442,217,30,123,106,3978,3973
$POSITION,15
$IRPROXIMITY,0,9620,99,31,64,335,384,212,4,129,85,3977,3973
$IRPROXIMITY,1,9719,91,29,68,334,408,213,25,128,108,3980,3971
$IRPROXIMITY,2,9818,96,28,68,334,405,213,27,127,103,3977,3972
$IRPROXIMITY,3,9917,93,31,62,333,401,211,22,127,111,3978,3970
$IRPROXIMITY,4,9983,99,35,72,333,400,205,20,130,102,3977,3973
$IRPROXIMITY,5,10082,94,23,75,326,398,210,28,132,102,3977,3976
$IRPROXIMITY,6,10214,98,36,67,330,405,214,23,115,106,3978,3974
$IRPROXIMITY,7,10313,107,34,67,330,397,210,25,117,106,3979,3971
$IRPROXIMITY,8,10412,91,28,76,336,396,206,26,115,108,3979,3974
$IRPROXIMITY,9,10511,105,30,62,335,401,209,18,125,107,3979,3973
$POSITION,16
$IRPROXIMITY,0,11369,100,31,67,274,348,171,4,114,89,3977,3974
$IRPROXIMITY,1,11468,99,26,71,292,340,195,26,131,100,3977,3971
$IRPROXIMITY,2,11534,90,31,67,290,338,196,24,130,99,3977,3971
$IRPROXIMITY,3,11666,100,31,67,293,343,195,25,131,112,3976,3975
$IRPROXIMITY,4,11765,94,32,68,292,343,196,22,124,111,3979,3973
$IRPROXIMITY,5,11798,97,29,66,294,342,202,26,123,96,3978,3971
$IRPROXIMITY,6,11897,103,29,66,293,346,195,21,134,104,3978,3975
$IRPROXIMITY,7,12029,92,26,69,288,347,197,22,131,106,3977,3970
$IRPROXIMITY,8,12128,99,29,73,287,346,196,22,111,111,3979,3972
$IRPROXIMITY,9,12260,89,33,70,284,348,197,24,128,104,3978,3970
$POSITION,17
$IRPROXIMITY,0,12986,86,32,65,247,294,162,18,127,92,3977,3974
$IRPROXIMITY,1,13085,95,31,60,258,319,187,21,123,108,3978,3976
$IRPROXIMITY,2,13184,101,30,60,256,319,195,29,120,104,3977,3972
$IRPROXIMITY,3,13250,99,32,61,262,316,189,20,127,110,3978,3972
$IRPROXIMITY,4,13349,97,34,56,261,314,191,26,140,104,3977,3974
$IRPROXIMITY,5,13448,105,33,57,258,315,192,21,119,107,3976,3970
$IRPROXIMITY,6,13547,92,29,62,262,320,195,23,123,103,3977,3971
$IRPROXIMITY,7,13679,94,28,62,264,312,190,31,123,108,3977,3970
$IRPROXIMITY,8,13778,92,32,61,261,320,196,17,123,109,3978,3969
$IRPROXIMITY,9,13877,97,25,64,255,316,193,21,116,106,3977,3970
$POSITION,18
$IRPROXIMITY,0,14603,100,32,48,225,245,168,13,116,77,3977,3975
$IRPROXIMITY,1,14735,91,30,55,230,278,184,23,112,109,3977,3971
$IRPROXIMITY,2,14801,99,31,58,236,279,183,21,123,107,3979,3972
$IRPROXIMITY,3,14867,99,32,63,233,275,171,29,129,97,3978,3971
$IRPROXIMITY,4,14999,98,35,64,225,276,183,21,130,106,3979,3972
$IRPROXIMITY,5,15098,96,32,62,230,276,187,21,127,103,3977,3977
$IRPROXIMITY,6,15197,98,34,59,233,284,187,27,126,106,3978,3971
$IRPROXIMITY,7,15296,95,22,59,237,283,184,22,124,103,3978,3975
$IRPROXIMITY,8,15362,91,33,65,235,270,181,23,119,107,3978,3976
$IRPROXIMITY,9,15461,101,29,68,242,277,181,24,116,104,3978,3972
$POSITION,19
$IRPROXIMITY,0,16385,96,33,47,194,225,151,9,119,89,3977,3974
$IRPROXIMITY,1,16451,92,27,42,209,257,181,22,118,109,3977,3969
$IRPROXIMITY,2,16583,96,30,50,204,258,180,28,129,107,3979,3970
$IRPROXIMITY,3,16682,97,22,56,212,255,172,22,127,100,3978,3973
$IRPROXIMITY,4,16781,91,36,58,205,255,179,23,138,108,3980,3972
$IRPROXIMITY,5,16847,102,35,57,212,252,175,23,124,111,3979,3974
$IRPROXIMITY,6,16946,100,34,56,211,254,178,23,125,113,3979,3972
$IRPROXIMITY,7,17078,96,24,57,208,251,183,17,123,109,3978,3973
$IRPROXIMITY,8,17144,97,35,56,206,253,179,23,121,106,3977,3973
$IRPROXIMITY,9,17243,93,29,59,212,251,178,26,111,106,3975,3975
$POSITION,20
$IRPROXIMITY,0,18002,92,24,48,168,216,151,9,114,73,3977,3974
$IRPROXIMITY,1,18134,94,28,54,191,230,174,22,127,109,3980,3971
$IRPROXIMITY,2,18200,94,35,47,180,230,175,25,128,106,3976,3971
$IRPROXIMITY,3,18299,98,32,48,182,233,178,25,112,101,3978,3974
$IRPROXIMITY,4,18431,89,31,57,189,234,171,27,132,109,3977,3970
$IRPROXIMITY,5,18497,95,21,57,194,229,169,24,139,107,3978,3976
$IRPROXIMITY,6,18629,99,31,55,182,226,178,31,124,100,3978,3971
$IRPROXIMITY,7,18728,99,30,59,189,232,175,19,112,108,3978,3972
$IRPROXIMITY,8,18794,98,35,48,185,234,178,28,134,105,3979,3970
$IRPROXIMITY,9,18926,106,27,47,187,221,177,29,121,105,3977,3971
$POSITION,21
$IRPROXIMITY,0,19685,97,19,33,165,181,145,10,122,78,3976,3974
$IRPROXIMITY,1,19784,95,32,50,174,211,172,19,119,105,3978,3972
$IRPROXIMITY,2,19883,89,22,53,165,207,175,27,137,107,3978,3973
$IRPROXIMITY,3,19982,93,29,48,177,211,168,26,115,107,3977,3972
$IRPROXIMITY,4,20081,98,28,52,172,215,168,24,127,99,3979,3974
$IRPROXIMITY,5,20147,97,28,50,180,209,169,23,122,101,3980,3972
$IRPROXIMITY,6,20246,104,32,45,172,206,174,30,119,101,3977,3971
$IRPROXIMITY,7,20345,100,33,51,170,203,164,20,124,105,3978,3969
$IRPROXIMITY,8,20477,97,29,48,166,215,172,17,107,111,3978,3971
$IRPROXIMITY,9,20576,96,30,53,179,205,174,30,128,104,3978,3971
$POSITION,22
$IRPROXIMITY,0,21302,100,28,39,136,174,145,7,118,81,3976,3974
$IRPROXIMITY,1,21434,99,37,56,160,190,168,26,116,100,3978,3971
$IRPROXIMITY,2,21533,94,39,50,154,188,167,28,128,101,3977,3970
$IRPROXIMITY,3,21599,100,34,46,154,190,166,28,124,109,3975,3971
$IRPROXIMITY,4,21698,101,33,45,161,185,161,25,130,103,3978,3975
$IRPROXIMITY,5,21797,92,24,51,165,187,166,25,123,107,3978,3972
$IRPROXIMITY,6,21896,89,28,52,165,190,163,22,128,106,3977,3974
$IRPROXIMITY,7,22028,98,32,48,160,189,160,26,119,105,3979,3970
$IRPROXIMITY,8,22127,106,28,45,160,194,164,29,121,92,3979,3970
$IRPROXIMITY,9,22226,98,32,50,152,186,163,29,127,106,3979,3972
$POSITION,23
$IRPROXIMITY,0,22985,85,32,38,142,142,128,6,111,98,3976,3975
$IRPROXIMITY,1,23051,103,34,45,152,180,156,20,130,107,3977,3970
$IRPROXIMITY,2,23183,100,32,44,151,174,161,27,128,99,3977,3972
$IRPROXIMITY,3,23249,96,29,40,146,175,155,25,132,110,3977,3971
$IRPROXIMITY,4,23381,97,33,52,154,180,166,24,123,107,3977,3972
$IRPROXIMITY,5,23447,102,33,43,154,177,165,21,126,100,3977,3975
$IRPROXIMITY,6,23546,95,29,47,154,175,164,28,119,101,3978,3974
$IRPROXIMITY,7,23678,100,22,41,157,179,158,25,128,109,3978,3972
$IRPROXIMITY,8,23744,97,36,52,150,176,163,19,134,110,3979,3966
$IRPROXIMITY,9,23843,95,26,51,150,170,162,21,125,111,3979,3976
$POSITION,24
$IRPROXIMITY,0,24635,92,25,45,127,141,138,4,134,78,3975,3973
$IRPROXIMITY,1,24734,98,33,49,139,164,163,24,135,102,3978,3972
$IRPROXIMITY,2,24833,93,34,52,138,163,158,27,139,105,3978,3971
$IRPROXIMITY,3,24932,95,20,50,146,166,154,25,128,110,3978,3972
$IRPROXIMITY,4,25064,98,33,49,137,161,159,26,120,97,3978,3972
$IRPROXIMITY,5,25097,94,31,50,148,155,158,23,114,109,3979,3976
$IRPROXIMITY,6,25229,101,34,50,145,161,163,25,127,108,3979,3973
$IRPROXIMITY,7,25295,98,34,49,141,162,159,27,127,101,3978,3976
$IRPROXIMITY,8,25427,100,30,50,147,161,158,21,122,106,3978,3970
$IRPROXIMITY,9,25493,93,30,48,146,166,157,24,127,102,3978,3975
$POSITION,25
$IRPROXIMITY,0,26318,93,28,37,109,126,121,25,104,103,3976,3973
$IRPROXIMITY,1,26417,93,33,50,134,158,159,20,120,109,3977,3972
$IRPROXIMITY,2,26516,96,32,43,140,154,158,22,120,107,3978,3974
$IRPROXIMITY,3,26582,95,24,45,130,155,146,21,118,107,3977,3972
$IRPROXIMITY,4,26681,93,24,49,129,158,157,23,129,105,3979,3974
$IRPROXIMITY,5,26780,100,33,49,121,151,158,22,137,106,3978,3972
$IRPROXIMITY,6,26879,94,25,51,134,147,151,25,114,102,3979,3971
$IRPROXIMITY,7,26978,97,32,43,126,152,160,27,126,103,3979,3970
$IRPROXIMITY,8,27077,102,24,48,136,153,161,27,113,103,3977,3973
$IRPROXIMITY,9,27209,101,30,43,134,143,164,20,126,105,3979,3971
$POSITION,26
$IRPROXIMITY,0,27968,95,29,34,99,124,124,13,122,90,3976,3974
$IRPROXIMITY,1,28067,95,37,51,128,139,146,20,137,109,3978,3973
$IRPROXIMITY,2,28166,94,33,49,130,142,151,26,126,107,3980,3971
$IRPROXIMITY,3,28232,93,25,53,123,145,149,28,110,106,3978,3970
$IRPROXIMITY,4,28331,93,26,46,134,143,159,27,127,104,3979,3971
$IRPROXIMITY,5,28463,98,26,49,127,146,159,15,127,105,3975,3971
$IRPROXIMITY,6,28562,101,28,46,136,142,154,20,125,105,3977,3971
$IRPROXIMITY,7,28661,96,34,47,125,135,147,25,135,105,3979,3972
$IRPROXIMITY,8,28760,95,35,47,131,135,149,27,125,105,3978,3971
$IRPROXIMITY,9,28826,96,35,48,130,140,152,22,133,104,3979,3971
$POSITION,27
$IRPROXIMITY,0,29618,97,26,36,103,111,119,12,115,86,3978,3974
$IRPROXIMITY,1,29750,99,34,47,120,142,154,22,128,99,3979,3971
$IRPROXIMITY,2,29849,98,31,46,125,132,152,19,141,107,3977,3970
$IRPROXIMITY,3,29948,88,31,49,113,131,151,30,134,110,3979,3973
$IRPROXIMITY,4,30014,96,35,47,114,134,159,29,122,98,3977,3972
$IRPROXIMITY,5,30113,96,30,49,123,128,148,29,134,107,3977,3971
$IRPROXIMITY,6,30245,96,30,46,125,137,155,20,136,101,3979,3973
$IRPROXIMITY,7,30344,99,32,52,115,133,147,29,125,105,3979,3971
$IRPROXIMITY,8,30443,97,30,51,123,131,149,20,119,104,3975,3974
$IRPROXIMITY,9,30542,96,30,46,126,140,154,20,117,98,3978,3972
$POSITION,28
$IRPROXIMITY,0,31433,95,21,52,98,110,116,7,115,95,3977,3974
$IRPROXIMITY,1,31466,103,30,39,119,134,151,21,125,104,3980,3970
$IRPROXIMITY,2,31598,93,28,44,116,130,144,25,136,112,3977,3970
$IRPROXIMITY,3,31664,89,36,46,113,122,145,26,117,108,3978,3971
$IRPROXIMITY,4,31796,97,30,48,111,122,155,23,126,103,3975,3972
$IRPROXIMITY,5,31895,97,28,46,114,127,148,16,130,103,3978,3974
$IRPROXIMITY,6,31961,96,27,46,117,121,148,25,134,110,3978,3973
$IRPROXIMITY,7,32060,99,34,46,114,121,144,31,133,107,3978,3970
$IRPROXIMITY,8,32159,102,32,44,117,131,150,29,124,95,3978,3972
$IRPROXIMITY,9,32258,103,29,45,111,128,155,33,121,98,3976,3972
$POSITION,29
$IRPROXIMITY,0,33149,95,33,31,104,98,122,4,124,91,3978,3975
$IRPROXIMITY,1,33248,100,31,42,116,124,148,27,132,103,3978,3973
$IRPROXIMITY,2,33314,96,31,47,112,119,149,24,120,108,3977,3971
$IRPROXIMITY,3,33446,107,33,46,110,109,147,27,121,107,3975,3969
$IRPROXIMITY,4,33545,90,36,49,109,114,142,29,121,104,3977,3971
$IRPROXIMITY,5,33677,95,32,46,112,117,147,28,130,101,3979,3972
$IRPROXIMITY,6,33743,98,30,44,112,124,148,26,127,101,3977,3971
$IRPROXIMITY,7,33809,100,30,48,110,124,149,21,115,106,3978,3972
$IRPROXIMITY,8,33908,90,32,44,112,127,150,21,118,104,3977,3973
$IRPROXIMITY,9,34040,100,26,46,113,127,144,26,112,102,3979,3970
$POSITION,30
$IRPROXIMITY,0,34799,93,26,33,108,83,124,8,127,80,3977,3974
$IRPROXIMITY,1,34931,101,35,45,106,114,145,28,126,97,3979,3972
$IRPROXIMITY,2,34997,94,34,44,102,126,151,20,131,104,3977,3973
$IRPROXIMITY,3,35096,88,33,44,103,113,148,28,125,105,3977,3973
$IRPROXIMITY,4,35195,94,25,47,114,114,140,22,121,105,3977,3972
$IRPROXIMITY,5,35294,94,33,41,108,123,149,20,117,102,3979,3975
$IRPROXIMITY,6,35360,97,32,48,104,119,145,22,125,108,3978,3972
$IRPROXIMITY,7,35459,100,30,49,112,114,140,20,129,103,3975,3973
$IRPROXIMITY,8,35591,100,32,48,105,114,151,23,122,105,3978,3971
$IRPROXIMITY,9,35657,100,28,50,107,116,141,24,127,107,3979,3973
$POSITION,31
$IRPROXIMITY,0,36416,99,22,35,84,91,108,14,122,85,3977,3973
$IRPROXIMITY,1,36515,97,33,45,99,113,147,25,134,102,3977,3973
$IRPROXIMITY,2,36614,94,31,49,102,107,144,24,119,105,3979,3973
$IRPROXIMITY,3,36713,91,37,45,100,111,139,18,140,106,3979,3970
$IRPROXIMITY,4,36845,95,32,42,107,105,144,17,117,96,3977,3969
$IRPROXIMITY,5,36944,93,29,44,105,113,147,25,132,106,3978,3972
$IRPROXIMITY,6,37076,93,27,43,108,101,140,26,116,110,3978,3971
$IRPROXIMITY,7,37142,93,32,49,105,107,145,29,129,105,3979,3972
$IRPROXIMITY,8,37208,93,30,43,104,107,148,21,124,101,3977,3970
$IRPROXIMITY,9,37340,101,34,35,103,113,144,24,126,105,3978,3973
$POSITION,32
$IRPROXIMITY,0,38165,97,25,46,97,110,120,21,108,96,3977,3976
$IRPROXIMITY,1,38231,95,30,41,101,103,141,24,122,111,3977,3970
$IRPROXIMITY,2,38330,92,34,44,103,112,142,24,115,105,3978,3970
$IRPROXIMITY,3,38462,98,33,42,97,99,139,29,127,102,3978,3972
$IRPROXIMITY,4,38528,106,30,42,102,107,144,21,122,110,3978,3971
$IRPROXIMITY,5,38660,95,31,40,101,109,141,17,125,103,3977,3970
$IRPROXIMITY,6,38726,94,33,45,103,102,145,27,119,107,3979,3970
$IRPROXIMITY,7,38825,93,29,38,103,107,146,26,114,103,3978,3972
$IRPROXIMITY,8,38891,91,28,48,106,108,136,23,122,103,3977,3976
$IRPROXIMITY,9,39023,93,30,48,100,98,145,27,132,108,3977,3972
$POSITION,33
$IRPROXIMITY,0,39881,87,25,28,89,71,123,1,123,92,3977,3974
$IRPROXIMITY,1,39980,96,32,44,99,104,135,26,124,111,3979,3973
$IRPROXIMITY,2,40079,93,21,41,89,101,136,21,124,107,3978,3974
$IRPROXIMITY,3,40178,97,31,47,88,101,142,30,133,102,3977,3971
$IRPROXIMITY,4,40277,96,29,45,100,95,130,28,114,101,3978,3973
$IRPROXIMITY,5,40343,102,26,41,95,109,143,27,128,107,3977,3972
$IRPROXIMITY,6,40475,94,27,44,97,103,146,24,139,108,3978,3972
$IRPROXIMITY,7,40541,96,32,40,92,104,144,23,131,106,3977,3972
$IRPROXIMITY,8,40640,95,27,31,92,96,142,23,130,97,3979,3972
$IRPROXIMITY,9,40772,92,35,43,100,97,139,17,135,109,3979,3971
$POSITION,34
$IRPROXIMITY,0,41531,96,27,32,83,84,136,3,132,76,3978,3973
$IRPROXIMITY,1,41663,100,31,36,93,106,147,26,124,97,3979,3972
$IRPROXIMITY,2,41762,98,27,42,93,97,143,17,122,102,3979,3971
$IRPROXIMITY,3,41828,100,37,39,87,98,142,29,133,105,3979,3969
$IRPROXIMITY,4,41927,99,37,40,94,99,140,29,124,107,3977,3970
$IRPROXIMITY,5,42026,93,35,41,93,95,133,26,127,107,3977,3971
$IRPROXIMITY,6,42125,91,28,36,97,99,140,19,125,106,3978,3971
$IRPROXIMITY,7,42257,97,31,45,94,97,140,25,132,110,3979,3971
$IRPROXIMITY,8,42356,91,25,43,100,105,138,20,118,109,3977,3971
$IRPROXIMITY,9,42389,95,27,40,94,96,146,28,121,98,3978,3969
$POSITION,35
$IRPROXIMITY,0,43181,100,22,33,74,78,140,15,119,77,3977,3974
$IRPROXIMITY,1,43313,104,36,38,91,94,142,25,131,100,3978,3972
$IRPROXIMITY,2,43379,90,31,41,95,94,136,21,123,106,3976,3970
$IRPROXIMITY,3,43511,93,33,35,96,95,138,23,139,109,3980,3971
$IRPROXIMITY,4,43577,97,35,41,90,95,140,29,120,99,3979,3971
$IRPROXIMITY,5,43643,94,29,40,84,98,133,23,119,107,3978,3973
$IRPROXIMITY,6,43808,91,33,43,95,87,134,20,131,103,3978,3972
$IRPROXIMITY,7,43874,96,26,39,89,99,142,28,120,99,3978,3972
$IRPROXIMITY,8,44006,102,28,38,89,99,139,20,118,104,3979,3972
$IRPROXIMITY,9,44072,94,30,45,88,92,139,28,125,105,3979,3973
$POSITION,36
$IRPROXIMITY,0,45062,99,24,31,66,78,106,9,113,77,3978,3974
$IRPROXIMITY,1,45194,99,29,39,86,93,140,26,126,104,3978,3970
$IRPROXIMITY,2,45260,98,26,43,95,94,135,17,107,106,3977,3970
$IRPROXIMITY,3,45392,91,30,41,93,95,138,15,126,110,3976,3971
$IRPROXIMITY,4,45491,90,26,43,92,92,142,18,123,103,3978,3974
$IRPROXIMITY,5,45590,94,34,42,88,86,136,18,122,108,3978,3972
$IRPROXIMITY,6,45689,91,27,44,92,96,142,24,118,109,3979,3975
$IRPROXIMITY,7,45755,94,28,39,91,89,139,28,133,105,3978,3970
$IRPROXIMITY,8,45854,102,32,38,90,92,138,16,128,108,3979,3973
$IRPROXIMITY,9,45986,96,30,44,85,89,140,23,123,108,3978,3973
$POSITION,37
$IRPROXIMITY,0,46745,96,33,30,75,54,118,6,116,81,3978,3974
$IRPROXIMITY,1,46844,97,32,34,86,85,139,27,133,107,3977,3968
$IRPROXIMITY,2,46976,93,32,44,91,89,140,26,130,107,3979,3974
$IRPROXIMITY,3,47075,101,25,45,82,85,137,17,132,103,3979,3970
$IRPROXIMITY,4,47174,96,27,43,82,82,133,24,128,101,3979,3972
$IRPROXIMITY,5,47240,97,34,47,83,91,142,27,130,105,3977,3972
$IRPROXIMITY,6,47339,104,33,41,88,90,136,27,125,101,3976,3971
$IRPROXIMITY,7,47471,94,38,35,84,89,140,24,122,97,3978,3971
$IRPROXIMITY,8,47537,95,25,42,89,91,137,23,128,110,3979,3973
$IRPROXIMITY,9,47603,94,33,43,85,89,132,24,120,110,3977,3976
$POSITION,38
$IRPROXIMITY,0,48362,98,25,31,63,71,112,13,130,88,3978,3975
$IRPROXIMITY,1,48461,95,31,41,88,94,134,22,120,109,3979,3972
$IRPROXIMITY,2,48593,95,30,40,79,86,145,23,125,99,3979,3971
$IRPROXIMITY,3,48659,100,34,40,80,85,140,23,129,107,3978,3972
$IRPROXIMITY,4,48791,97,31,43,84,91,140,21,126,111,3979,3970
$IRPROXIMITY,5,48890,97,28,40,83,89,137,19,126,97,3978,3974
$IRPROXIMITY,6,48956,96,31,43,89,95,137,18,133,109,3979,3972
$IRPROXIMITY,7,49055,102,27,41,80,96,141,27,118,98,3978,3973
$IRPROXIMITY,8,49154,99,33,33,82,87,141,27,103,104,3976,3970
$IRPROXIMITY,9,49286,97,30,39,87,89,136,20,124,109,3978,3975
$POSITION,39
$IRPROXIMITY,0,50012,90,31,30,69,56,114,13,128,92,3978,3974
$IRPROXIMITY,1,50111,98,30,35,75,91,131,18,130,103,3980,3972
$IRPROXIMITY,2,50177,95,28,42,86,85,131,23,138,105,3975,3972
$IRPROXIMITY,3,50309,99,35,37,80,78,139,25,129,107,3977,3970
$IRPROXIMITY,4,50375,94,34,40,78,90,139,29,113,99,3979,3973
$IRPROXIMITY,5,50474,91,35,41,72,80,132,16,129,96,3977,3976
$IRPROXIMITY,6,50606,92,34,45,81,85,137,23,132,108,3977,3971
$IRPROXIMITY,7,50705,91,34,40,76,84,127,25,120,103,3976,3972
$IRPROXIMITY,8,50804,93,27,40,85,89,141,21,108,99,3979,3973
$IRPROXIMITY,9,50903,89,32,40,84,86,139,23,131,103,3978,3972
$POSITION,40
$IRPROXIMITY,0,51695,97,25,33,67,62,118,6,118,77,3977,3973
$IRPROXIMITY,1,51794,93,29,43,82,84,135,30,116,107,3977,3971
$IRPROXIMITY,2,51893,97,25,44,87,82,132,29,131,103,3978,3974
$IRPROXIMITY,3,52025,93,34,43,78,82,133,21,121,105,3976,3973
$IRPROXIMITY,4,52124,99,32,41,83,84,134,26,116,108,3977,3971
$IRPROXIMITY,5,52223,102,25,39,80,86,140,22,119,101,3979,3971
$IRPROXIMITY,6,52322,100,29,38,81,87,141,24,121,103,3977,3971
$IRPROXIMITY,7,52388,93,33,38,78,84,141,24,123,106,3977,3970
$IRPROXIMITY,8,52520,103,32,40,82,83,138,29,127,108,3978,3970
$IRPROXIMITY,9,52586,97,34,42,83,81,134,25,126,109,3980,3973
$POSITION,41
$IRPROXIMITY,0,53345,93,24,31,66,53,117,4,115,77,3977,3974
$IRPROXIMITY,1,53444,100,29,46,79,80,133,29,138,103,3978,3971
$IRPROXIMITY,2,53543,94,33,44,76,81,136,25,126,101,3977,3970
$IRPROXIMITY,3,53675,92,35,42,79,77,127,23,113,102,3977,3970
$IRPROXIMITY,4,53741,96,30,41,78,86,141,20,117,96,3979,3974
$IRPROXIMITY,5,53807,98,30,42,78,84,137,14,109,105,3978,3971
$IRPROXIMITY,6,53906,92,30,38,80,82,132,29,121,101,3976,3971
$IRPROXIMITY,7,54038,95,27,37,82,82,137,26,117,104,3977,3970
$IRPROXIMITY,8,54104,94,32,37,78,73,131,28,113,101,3977,3973
$IRPROXIMITY,9,54236,95,26,37,83,86,133,19,115,101,3978,3972
$POSITION,42
$IRPROXIMITY,0,54995,93,29,22,63,60,112,14,112,90,3976,3973
$IRPROXIMITY,1,55094,92,32,43,75,76,137,21,129,104,3976,3974
$IRPROXIMITY,2,55160,105,40,38,77,85,137,17,111,106,3976,3972
$IRPROXIMITY,3,55259,101,34,42,81,80,133,25,122,105,3979,3973
$IRPROXIMITY,4,55391,96,23,38,81,88,138,18,119,101,3978,3971
$IRPROXIMITY,5,55457,95,30,36,72,69,137,32,125,103,3977,3969
$IRPROXIMITY,6,55556,96,32,33,72,80,139,28,130,106,3978,3971
$IRPROXIMITY,7,55688,94,24,41,74,84,138,26,113,101,3977,3974
$IRPROXIMITY,8,55754,88,27,40,77,82,138,18,126,105,3979,3970
$IRPROXIMITY,9,55886,92,26,45,79,75,130,28,118,103,3979,3972
$POSITION,43
$IRPROXIMITY,0,56645,91,34,24,68,56,130,12,118,99,3977,3974
$IRPROXIMITY,1,56777,91,29,34,74,72,132,17,125,105,3978,3972
$IRPROXIMITY,2,56876,89,31,35,77,77,127,26,136,101,3977,3971
$IRPROXIMITY,3,56942,93,34,41,69,77,132,23,121,108,3979,3971
$IRPROXIMITY,4,57074,97,29,39,78,82,139,20,135,106,3976,3971
$IRPROXIMITY,5,57140,93,27,47,78,82,128,22,123,107,3977,3972
$IRPROXIMITY,6,57272,97,29,39,78,77,130,24,128,107,3978,3972
$IRPROXIMITY,7,57305,93,32,36,81,83,133,23,121,108,3979,3970
$IRPROXIMITY,8,57437,96,29,40,79,77,137,20,129,110,3977,3973
$IRPROXIMITY,9,57503,92,27,35,74,78,130,25,127,103,3977,3972
$POSITION,44
$IRPROXIMITY,0,58262,95,27,36,53,61,113,6,110,74,3976,3974
$IRPROXIMITY,1,58394,99,32,36,75,83,126,22,130,107,3977,3973
$IRPROXIMITY,2,58460,102,34,41,70,74,127,18,130,109,3977,3973
$IRPROXIMITY,3,58592,101,32,36,72,75,139,28,118,102,3978,3970
$IRPROXIMITY,4,58691,94,25,39,66,73,132,28,114,107,3979,3974
$IRPROXIMITY,5,58790,94,27,40,76,85,133,19,110,107,3979,3970
$IRPROXIMITY,6,58889,91,26,36,72,84,138,19,119,107,3979,3973
$IRPROXIMITY,7,58955,91,29,42,77,73,127,22,125,108,3979,3971
$IRPROXIMITY,8,59054,102,26,36,76,84,131,22,124,104,3980,3969
$IRPROXIMITY,9,59186,93,32,36,74,80,131,16,116,99,3979,3973
$POSITION,45
$IRPROXIMITY,0,59912,89,27,22,67,52,111,8,114,92,3976,3974
$IRPROXIMITY,1,60011,97,31,40,69,79,139,25,124,94,3978,3972
$IRPROXIMITY,2,60110,91,29,37,66,74,129,28,132,99,3978,3970
$IRPROXIMITY,3,60176,100,27,40,70,75,137,23,118,105,3977,3973
$IRPROXIMITY,4,60275,98,30,38,67,72,137,27,113,106,3978,3972
$IRPROXIMITY,5,60374,95,27,40,65,78,133,27,126,107,3979,3971
$IRPROXIMITY,6,60473,96,34,41,72,75,134,22,124,100,3978,3973
$IRPROXIMITY,7,60605,88,32,42,78,73,131,25,108,109,3978,3972
$IRPROXIMITY,8,60704,95,32,39,73,67,133,18,133,105,3978,3973
$IRPROXIMITY,9,60770,92,31,43,73,71,125,21,124,107,3978,3971
$POSITION,46
$IRPROXIMITY,0,61595,94,25,29,64,60,113,10,119,106,3976,3974
$IRPROXIMITY,1,61661,102,32,35,67,74,136,28,122,107,3977,3972
$IRPROXIMITY,2,61793,92,26,35,77,77,134,24,118,107,3979,3975
$IRPROXIMITY,3,61859,93,35,37,73,66,133,21,116,105,3975,3974
$IRPROXIMITY,4,61991,93,33,40,72,71,131,29,130,105,3978,3973
$IRPROXIMITY,5,62090,91,32,43,71,69,132,19,113,104,3978,3975
$IRPROXIMITY,6,62156,97,32,37,74,71,130,24,130,107,3977,3972
$IRPROXIMITY,7,62255,97,34,43,74,74,130,22,125,109,3977,3972
$IRPROXIMITY,8,62354,91,32,36,68,77,138,20,115,100,3977,3972
$IRPROXIMITY,9,62453,95,34,33,69,77,139,24,111,99,3977,3972
$POSITION,47
$IRPROXIMITY,0,63179,88,18,35,60,44,108,7,120,84,3977,3974
$IRPROXIMITY,1,63311,108,28,25,66,77,131,28,129,98,3977,3971
$IRPROXIMITY,2,63410,95,27,38,76,73,135,23,121,108,3977,3975
$IRPROXIMITY,3,63509,89,28,35,66,64,135,28,122,110,3979,3968
$IRPROXIMITY,4,63575,94,34,35,70,79,130,21,125,109,3978,3972
$IRPROXIMITY,5,63674,94,32,39,62,78,126,16,122,104,3979,3972
$IRPROXIMITY,6,63773,97,31,45,68,73,138,24,117,103,3977,3970
$IRPROXIMITY,7,63872,97,32,35,60,75,123,22,111,103,3979,3971
$IRPROXIMITY,8,63938,98,31,34,62,75,128,21,123,107,3978,3975
$IRPROXIMITY,9,64037,97,36,36,70,69,140,19,123,103,3979,3972
$POSITION,48
$IRPROXIMITY,0,64862,93,22,24,59,47,110,6,107,76,3976,3973
$IRPROXIMITY,1,64994,95,29,34,72,74,127,24,133,103,3979,3973
$IRPROXIMITY,2,65093,98,27,46,64,79,135,23,124,95,3979,3977
$IRPROXIMITY,3,65159,93,29,34,75,69,129,28,116,104,3977,3973
$IRPROXIMITY,4,65258,96,33,36,73,71,132,23,118,108,3977,3970
$IRPROXIMITY,5,65357,96,31,31,75,77,124,21,113,104,3977,3972
$IRPROXIMITY,6,65489,101,29,38,70,70,137,18,133,99,3979,3975
$IRPROXIMITY,7,52,99,31,36,61,73,137,30,127,104,3979,3971
$IRPROXIMITY,8,118,98,31,38,70,70,136,24,118,100,3978,3971
$IRPROXIMITY,9,217,100,34,41,66,69,133,28,139,99,3976,3973
$POSITION,49
$IRPROXIMITY,0,976,91,27,25,59,59,103,21,113,94,3977,3974
$IRPROXIMITY,1,1075,97,30,35,66,72,137,16,108,110,3979,3970
$IRPROXIMITY,2,1174,87,31,31,66,68,134,18,128,112,3979,3968
$IRPROXIMITY,3,1240,94,28,35,69,74,129,23,121,98,3975,3972
$IRPROXIMITY,4,1339,92,22,39,63,72,127,26,132,103,3979,3972
$IRPROXIMITY,5,1471,101,30,37,64,70,139,31,125,98,3977,3971
$IRPROXIMITY,6,1537,95,30,35,63,71,129,30,109,106,3979,3972
$IRPROXIMITY,7,1669,88,26,41,71,77,132,23,122,109,3978,3972
$IRPROXIMITY,8,1768,99,31,42,68,67,138,22,118,101,3979,3971
$IRPROXIMITY,9,1834,93,28,46,71,73,131,16,131,107,3977,3972
$POSITION,50
$IRPROXIMITY,0,2659,102,27,29,64,37,113,6,127,79,3978,3974
$IRPROXIMITY,1,2725,106,30,37,71,66,135,31,110,98,3977,3972
$IRPROXIMITY,2,2857,101,26,33,68,72,133,25,118,102,3977,3970
$IRPROXIMITY,3,2923,97,29,39,72,75,126,19,123,103,3978,3971
$IRPROXIMITY,4,3055,90,29,38,70,71,125,20,133,103,3975,3971
$IRPROXIMITY,5,3121,104,31,38,66,65,137,21,107,98,3979,3973
$IRPROXIMITY,6,3253,96,25,35,68,67,128,21,131,101,3977,3973
$IRPROXIMITY,7,3352,99,27,37,72,72,133,21,136,102,3977,3974
$IRPROXIMITY,8,3418,95,29,38,66,72,139,30,130,100,3979,3972
$IRPROXIMITY,9,3550,90,21,39,68,72,128,21,106,108,3978,3974
$POSITION,51
$IRPROXIMITY,0,4309,92,31,33,53,69,95,11,119,93,3977,3974
$IRPROXIMITY,1,4375,100,34,30,67,69,123,26,125,98,3977,3971
$IRPROXIMITY,2,4507,94,28,36,62,67,127,24,126,100,3977,3971
$IRPROXIMITY,3,4540,93,25,37,74,62,134,26,129,104,3978,3971
$IRPROXIMITY,4,4672,97,28,41,71,69,134,28,116,98,3980,3971
$IRPROXIMITY,5,4738,92,26,38,66,60,125,22,123,103,3980,3971
$IRPROXIMITY,6,4870,100,28,34,64,74,132,25,136,103,3979,3972
$IRPROXIMITY,7,4969,96,29,26,70,64,130,23,119,101,3977,3973
$IRPROXIMITY,8,5035,96,29,36,63,73,132,24,124,107,3978,3973
$IRPROXIMITY,9,5134,93,28,31,60,74,129,18,124,103,3979,3973
$POSITION,52
$IRPROXIMITY,0,5926,100,28,38,47,49,93,11,118,88,3977,3973
$IRPROXIMITY,1,5959,97,29,34,57,68,130,20,135,97,3979,3975
$IRPROXIMITY,2,6091,98,33,42,64,65,124,21,122,103,3978,3971
$IRPROXIMITY,3,6190,99,30,41,66,72,124,22,128,108,3977,3975
$IRPROXIMITY,4,6322,89,31,41,63,65,126,20,112,97,3978,3972
$IRPROXIMITY,5,6388,103,32,32,69,70,133,19,108,99,3978,3973
$IRPROXIMITY,6,6454,95,28,35,73,69,128,12,129,99,3979,3971
$IRPROXIMITY,7,6553,88,17,33,70,71,129,20,132,104,3979,3974
$IRPROXIMITY,8,6652,98,29,41,62,65,128,22,128,107,3977,3973
$IRPROXIMITY,9,6751,95,28,37,67,65,128,25,126,111,3978,3973
$POSITION,53
$IRPROXIMITY,0,7543,93,19,33,51,50,94,5,126,88,3977,3973
$IRPROXIMITY,1,7609,93,34,38,71,66,133,26,115,108,3977,3971
$IRPROXIMITY,2,7741,102,32,38,57,60,137,22,129,95,3977,3973
$IRPROXIMITY,3,7840,96,27,44,68,62,121,18,132,105,3978,3970
$IRPROXIMITY,4,7873,91,32,41,67,68,127,18,131,102,3979,3973
$IRPROXIMITY,5,7972,93,28,38,66,72,128,19,123,107,3977,3970
$IRPROXIMITY,6,8104,91,26,42,71,69,131,24,122,109,3978,3969
$IRPROXIMITY,7,8203,95,24,36,69,68,129,23,118,98,3977,3973
$IRPROXIMITY,8,8302,99,31,32,63,69,134,18,123,101,3979,3973
$IRPROXIMITY,9,8401,94,34,36,62,62,133,26,133,103,3979,3973
$POSITION,54
$IRPROXIMITY,0,9094,98,20,31,43,53,100,11,117,87,3977,3974
$IRPROXIMITY,1,9193,94,29,42,69,63,129,15,125,101,3977,3972
$IRPROXIMITY,2,9292,94,28,35,69,65,129,27,129,107,3977,3971
$IRPROXIMITY,3,9391,96,32,33,64,68,126,26,129,107,3979,3971
$IRPROXIMITY,4,9523,96,28,36,68,67,129,26,120,106,3977,3972
$IRPROXIMITY,5,9589,96,29,36,64,64,133,21,116,103,3977,3972
$IRPROXIMITY,6,9721,92,34,37,65,59,127,23,132,102,3976,3972
$IRPROXIMITY,7,9820,98,34,41,66,66,134,31,121,104,3978,3971
$IRPROXIMITY,8,9886,91,26,41,68,61,126,22,123,109,3978,3972
$IRPROXIMITY,9,10018,90,33,36,64,68,127,19,122,106,3979,3974
$POSITION,55
$IRPROXIMITY,0,10876,90,31,27,53,35,110,8,117,89,3977,3975
$IRPROXIMITY,1,10942,93,25,36,64,64,127,21,117,104,3975,3973
$IRPROXIMITY,2,11074,91,25,34,63,63,128,15,130,93,3977,3971
$IRPROXIMITY,3,11173,101,29,33,65,68,128,25,130,97,3977,3971
$IRPROXIMITY,4,11272,92,31,36,69,66,129,26,122,101,3978,3976
$IRPROXIMITY,5,11371,94,35,34,66,62,122,19,115,106,3979,3975
$IRPROXIMITY,6,11437,90,31,38,65,59,126,22,129,110,3977,3972
$IRPROXIMITY,7,11536,94,30,41,69,66,133,24,115,107,3979,3970
$IRPROXIMITY,8,11635,91,27,40,65,64,136,23,116,99,3978,3973
$IRPROXIMITY,9,11734,95,31,35,63,64,128,21,133,101,3979,3970
$POSITION,56
$IRPROXIMITY,0,12493,84,32,21,52,37,110,8,108,85,3976,3973
$IRPROXIMITY,1,12592,105,30,37,67,64,127,25,108,99,3977,3973
$IRPROXIMITY,2,12691,96,31,39,64,67,127,20,105,104,3978,3972
$IRPROXIMITY,3,12790,96,30,36,66,68,130,20,124,108,3977,3972
$IRPROXIMITY,4,12856,99,35,33,65,65,127,29,137,103,3977,3973
$IRPROXIMITY,5,12955,92,30,39,66,66,129,19,127,96,3979,3974
$IRPROXIMITY,6,13087,93,28,36,66,61,132,24,112,104,3976,3972
$IRPROXIMITY,7,13153,96,23,40,63,66,135,20,126,105,3977,3973
$IRPROXIMITY,8,13285,91,28,40,69,67,122,17,128,104,3977,3972
$IRPROXIMITY,9,13384,97,28,30,60,66,126,15,115,106,3978,3972
$POSITION,57
$IRPROXIMITY,0,14077,97,24,29,42,47,94,6,122,89,3977,3975
$IRPROXIMITY,1,14209,90,32,36,66,65,127,26,133,107,3977,3972
$IRPROXIMITY,2,14275,94,34,34,60,58,129,28,116,97,3979,3970
$IRPROXIMITY,3,14407,100,26,40,65,67,132,24,121,99,3979,3971
$IRPROXIMITY,4,14473,93,28,39,63,67,119,22,135,105,3978,3974
$IRPROXIMITY,5,14572,94,30,35,64,68,128,18,119,96,3977,3971
$IRPROXIMITY,6,14704,94,29,35,61,58,130,23,120,107,3978,3972
$IRPROXIMITY,7,14803,100,31,36,58,58,132,22,123,95,3980,3971
$IRPROXIMITY,8,14935,91,28,40,59,62,133,21,114,106,3979,3972
$IRPROXIMITY,9,15001,92,29,39,66,69,122,16,114,107,3978,3970
$POSITION,58
$IRPROXIMITY,0,15727,88,29,25,49,37,111,3,115,78,3976,3974
$IRPROXIMITY,1,15826,96,31,35,58,55,132,22,127,102,3979,3973
$IRPROXIMITY,2,15892,97,29,38,66,68,133,30,132,104,3977,3972
$IRPROXIMITY,3,16024,97,30,37,62,65,130,26,121,98,3980,3970
$IRPROXIMITY,4,16090,93,26,39,67,65,130,17,125,108,3977,3972
$IRPROXIMITY,5,16189,94,30,35,63,69,131,24,131,102,3978,3973
$IRPROXIMITY,6,16288,98,35,40,59,70,132,21,114,101,3975,3972
$IRPROXIMITY,7,16387,93,30,41,68,55,122,24,108,96,3979,3975
$IRPROXIMITY,8,16519,98,33,38,61,64,134,26,120,100,3976,3973
$IRPROXIMITY,9,16618,92,36,38,62,59,125,25,114,107,3977,3972
$POSITION,59
$IRPROXIMITY,0,17344,93,18,31,45,37,101,1,116,81,3976,3974
$IRPROXIMITY,1,17443,93,30,36,56,64,132,27,126,100,3979,3971
$IRPROXIMITY,2,17542,99,33,34,59,65,136,25,124,102,3979,3970
$IRPROXIMITY,3,17641,93,32,34,62,60,128,19,127,104,3978,3974
$IRPROXIMITY,4,17740,93,25,38,61,60,131,17,123,106,3977,3972
$IRPROXIMITY,5,17806,92,35,43,58,59,134,18,118,98,3979,3970
$IRPROXIMITY,6,17938,95,36,39,67,60,124,30,118,98,3979,3973
$IRPROXIMITY,7,18004,92,31,32,71,62,128,17,114,107,3976,3972
$IRPROXIMITY,8,18103,98,28,26,56,57,134,18,128,105,3978,3972
$IRPROXIMITY,9,18235,96,31,37,63,59,126,21,109,105,3979,3969
$POSITION,60
$IRPROXIMITY,0,19027,91,26,20,51,44,106,8,108,106,3977,3974
$IRPROXIMITY,1,19093,86,28,38,60,60,128,23,119,103,3979,3972
$IRPROXIMITY,2,19192,93,30,37,60,64,129,17,129,104,3978,3970
$IRPROXIMITY,3,19291,100,32,37,59,61,126,17,130,99,3977,3970
$IRPROXIMITY,4,19390,94,28,33,64,59,127,28,119,108,3976,3969
$IRPROXIMITY,5,19522,100,31,35,60,64,123,27,122,98,3977,3970
$IRPROXIMITY,6,19621,95,30,40,64,64,128,21,125,102,3977,3969
$IRPROXIMITY,7,19720,96,23,40,66,64,133,23,102,102,3978,3972
$IRPROXIMITY,8,19819,99,30,32,62,62,131,25,128,101,3976,3970
$IRPROXIMITY,9,19885,95,28,37,65,66,128,18,110,106,3979,3972
$POSITION,61
$IRPROXIMITY,0,20677,91,25,38,45,68,99,9,118,91,3977,3974
$IRPROXIMITY,1,20710,102,33,31,61,65,120,25,110,98,3979,3973
$IRPROXIMITY,2,20842,100,28,32,64,67,128,16,122,103,3978,3973
$IRPROXIMITY,3,20908,102,34,33,58,62,129,22,130,109,3979,3973
$IRPROXIMITY,4,21040,96,36,33,67,62,128,18,130,108,3978,3973
$IRPROXIMITY,5,21106,97,31,35,61,62,130,24,121,103,3977,3973
$IRPROXIMITY,6,21238,95,30,36,60,58,126,22,114,102,3979,3972
$IRPROXIMITY,7,21304,89,34,30,65,54,133,12,108,95,3980,3975
$IRPROXIMITY,8,21403,95,33,37,63,56,125,23,135,107,3978,3972
$IRPROXIMITY,9,21535,99,29,35,55,62,127,21,131,102,3976,3972
$POSITION,62
$IRPROXIMITY,0,22327,103,27,30,38,50,98,10,121,75,3977,3974
$IRPROXIMITY,1,22459,101,34,40,58,65,126,27,127,99,3978,3973
$IRPROXIMITY,2,22558,99,30,33,62,60,132,19,115,107,3977,3975
$IRPROXIMITY,3,22657,87,32,42,65,61,129,22,124,112,3978,3972
$IRPROXIMITY,4,22756,93,20,38,61,62,130,21,113,102,3977,3976
$IRPROXIMITY,5,22822,95,31,43,59,62,123,19,123,106,3976,3971
$IRPROXIMITY,6,22921,102,29,35,63,65,122,17,136,104,3977,3969
$IRPROXIMITY,7,23020,94,29,37,58,62,133,28,122,99,3978,3972
$IRPROXIMITY,8,23119,95,30,34,59,56,131,26,126,100,3978,3971
$IRPROXIMITY,9,23251,98,29,33,57,66,132,21,119,103,3979,3971
$POSITION,63
$IRPROXIMITY,0,23944,90,18,31,41,37,92,4,123,82,3977,3974
$IRPROXIMITY,1,24043,96,31,38,62,66,139,27,117,102,3979,3972
$IRPROXIMITY,2,24142,95,29,38,60,67,126,26,122,95,3977,3972
$IRPROXIMITY,3,24241,93,28,35,58,59,119,19,123,106,3980,3970
$IRPROXIMITY,4,24340,94,26,37,59,62,128,21,126,109,3979,3971
$IRPROXIMITY,5,24472,96,34,35,59,55,131,20,122,107,3979,3973
$IRPROXIMITY,6,24538,94,39,34,56,54,120,18,127,105,3976,3974
$IRPROXIMITY,7,24670,93,32,39,64,56,127,28,108,99,3978,3972
$IRPROXIMITY,8,24769,99,32,35,66,57,115,27,137,97,3977,3972
$IRPROXIMITY,9,24835,95,31,33,59,61,133,23,135,101,3978,3972
$POSITION,64
$IRPROXIMITY,0,25594,82,29,27,50,46,98,9,119,93,3977,3976
$IRPROXIMITY,1,25693,91,31,32,61,62,121,25,122,100,3977,3971
$IRPROXIMITY,2,25759,96,30,34,61,60,123,17,124,98,3977,3974
$IRPROXIMITY,3,25891,98,26,35,63,63,122,16,103,110,3977,3972
$IRPROXIMITY,4,25990,103,29,38,61,67,129,22,124,108,3978,3972
$IRPROXIMITY,5,26089,96,26,32,64,66,133,18,120,104,3977,3967
$IRPROXIMITY,6,26188,101,31,38,64,55,126,21,136,102,3977,3972
$IRPROXIMITY,7,26287,94,33,35,58,56,123,24,118,107,3976,3970
$IRPROXIMITY,8,26353,94,20,41,60,57,131,29,125,106,3978,3975
$IRPROXIMITY,9,26485,87,29,33,65,68,135,18,120,100,3978,3972
$POSITION,65
$IRPROXIMITY,0,27310,93,33,23,49,31,128,5,117,91,3977,3974
$IRPROXIMITY,1,27376,85,26,33,67,56,126,23,117,101,3979,3973
$IRPROXIMITY,2,27508,98,28,35,59,60,132,27,133,98,3979,3973
$IRPROXIMITY,3,27574,91,29,40,61,64,131,22,112,99,3979,3972
$IRPROXIMITY,4,27706,90,31,39,52,60,126,22,132,109,3977,3971
$IRPROXIMITY,5,27772,96,28,36,63,57,121,22,126,106,3976,3972
$IRPROXIMITY,6,27904,95,28,38,56,57,127,21,114,104,3979,3971
$IRPROXIMITY,7,28003,90,32,38,60,61,125,23,129,107,3979,3971
$IRPROXIMITY,8,28069,94,33,33,59,58,133,29,124,100,3977,3970
$IRPROXIMITY,9,28201,108,26,39,52,61,122,26,118,105,3978,3972
$POSITION,66
$IRPROXIMITY,0,28894,94,25,33,42,59,92,11,126,87,3976,3973
$IRPROXIMITY,1,29026,91,30,33,65,57,125,18,115,109,3976,3972
$IRPROXIMITY,2,29092,96,32,32,62,62,127,21,122,104,3978,3970
$IRPROXIMITY,3,29191,93,29,40,68,47,118,17,126,106,3977,3972
$IRPROXIMITY,4,29323,101,29,30,59,59,134,22,110,99,3977,3975
$IRPROXIMITY,5,29389,96,28,37,61,61,127,16,116,105,3977,3976
$IRPROXIMITY,6,29521,93,33,35,63,60,122,16,119,106,3977,3974
$IRPROXIMITY,7,29620,98,40,38,58,62,132,28,119,101,3977,3971
$IRPROXIMITY,8,29719,94,28,33,58,61,133,17,125,104,3978,3971
$IRPROXIMITY,9,29818,97,28,36,63,61,124,24,123,103,3977,3973
$POSITION,67
$IRPROXIMITY,0,30544,94,25,31,36,37,100,10,133,83,3977,3973
$IRPROXIMITY,1,30643,90,31,38,56,62,131,22,128,107,3978,3972
$IRPROXIMITY,2,30742,92,26,35,56,65,130,22,122,107,3978,3971
$IRPROXIMITY,3,30874,99,27,39,60,62,134,23,124,96,3977,3974
$IRPROXIMITY,4,30940,93,31,38,55,60,116,26,124,101,3979,3973
$IRPROXIMITY,5,31072,95,31,37,58,58,118,23,128,106,3978,3971
$IRPROXIMITY,6,31171,88,37,35,59,55,119,21,133,109,3978,3972
$IRPROXIMITY,7,31270,95,34,39,61,62,127,21,119,105,3979,3970
$IRPROXIMITY,8,31369,96,26,34,62,57,125,25,129,100,3976,3972
$IRPROXIMITY,9,31435,97,25,35,60,62,123,25,124,104,3979,3971
$POSITION,68
$IRPROXIMITY,0,32227,94,30,32,57,33,129,7,105,76,3977,3974
$IRPROXIMITY,1,32293,94,27,35,60,65,128,19,122,101,3977,3973
$IRPROXIMITY,2,32425,98,33,33,59,59,126,22,130,107,3976,3973
$IRPROXIMITY,3,32491,95,28,34,55,59,120,25,124,106,3978,3972
$IRPROXIMITY,4,32623,95,27,32,62,66,126,17,113,99,3978,3971
$IRPROXIMITY,5,32722,97,31,36,60,57,128,17,116,108,3976,3971
$IRPROXIMITY,6,32788,93,33,36,57,64,130,16,105,103,3978,3972
$IRPROXIMITY,7,32887,98,35,32,57,57,124,19,121,98,3979,3971
$IRPROXIMITY,8,32986,98,34,36,59,54,125,23,119,110,3976,3971
$IRPROXIMITY,9,33118,98,30,33,60,60,127,23,120,100,3980,3972
$POSITION,69
$IRPROXIMITY,0,33877,92,23,29,40,57,96,4,107,85,3976,3975
$IRPROXIMITY,1,33910,93,29,32,53,56,132,29,116,98,3979,3972
$IRPROXIMITY,2,34042,96,32,42,60,62,127,24,113,95,3979,3973
$IRPROXIMITY,3,34108,89,27,38,62,52,120,22,111,103,3979,3973
$IRPROXIMITY,4,34240,92,32,37,60,58,121,19,123,104,3977,3972
$IRPROXIMITY,5,34339,90,19,36,51,58,127,23,112,105,3977,3969
$IRPROXIMITY,6,34438,92,31,32,59,57,132,22,122,89,3977,3970
$IRPROXIMITY,7,34504,89,32,36,60,63,124,21,116,103,3977,3972
$IRPROXIMITY,8,34603,95,25,41,63,57,125,24,133,104,3979,3975
$IRPROXIMITY,9,34702,95,29,36,59,52,115,26,131,106,3976,3974
$POSITION,70
$IRPROXIMITY,0,35494,99,31,33,51,33,123,2,120,80,3979,3974
$IRPROXIMITY,1,35560,94,29,35,60,57,128,24,120,104,3978,3974
$IRPROXIMITY,2,35692,97,29,41,56,59,123,20,129,100,3980,3971
$IRPROXIMITY,3,35791,103,25,34,57,59,124,21,129,106,3979,3971
$IRPROXIMITY,4,35923,94,31,39,57,54,126,20,116,98,3977,3970
$IRPROXIMITY,5,35989,98,29,38,59,63,126,13,119,103,3977,3970
$IRPROXIMITY,6,36055,92,26,40,57,59,129,18,115,108,3978,3972
$IRPROXIMITY,7,36154,92,20,38,62,64,127,15,117,105,3979,3976
$IRPROXIMITY,8,36286,93,35,34,61,61,122,13,118,108,3978,3973
$IRPROXIMITY,9,36385,98,33,30,62,61,127,18,118,105,3979,3971
$POSITION,71
$IRPROXIMITY,0,37276,96,31,28,39,38,122,7,119,88,3978,3974
$IRPROXIMITY,1,37375,92,30,34,59,54,120,25,123,109,3978,3972
$IRPROXIMITY,2,37507,96,27,34,57,54,129,27,119,100,3979,3973
$IRPROXIMITY,3,37606,93,30,30,56,50,130,20,119,105,3978,3972
$IRPROXIMITY,4,37672,100,32,32,49,58,130,26,116,98,3976,3970
$IRPROXIMITY,5,37771,97,34,39,56,61,127,22,122,94,3977,3971
$IRPROXIMITY,6,37870,88,33,41,63,52,126,26,120,109,3979,3972
$IRPROXIMITY,7,37969,91,30,40,60,56,120,21,129,103,3978,3972
$IRPROXIMITY,8,38101,97,30,34,57,57,119,19,133,108,3979,3971
$IRPROXIMITY,9,38167,96,31,40,57,57,130,15,129,102,3977,3974
$POSITION,72
$IRPROXIMITY,0,38926,100,31,27,43,33,108,3,115,73,3978,3974
$IRPROXIMITY,1,39058,91,29,34,62,59,119,26,116,106,3978,3973
$IRPROXIMITY,2,39091,91,24,34,62,56,132,21,118,101,3977,3971
$IRPROXIMITY,3,39256,98,28,36,57,55,130,18,134,102,3978,3971
$IRPROXIMITY,4,39322,90,33,35,58,59,125,19,110,101,3979,3970
$IRPROXIMITY,5,39421,93,32,40,54,58,128,23,112,104,3979,3973
$IRPROXIMITY,6,39487,98,33,35,60,56,121,18,115,103,3979,3970
$IRPROXIMITY,7,39619,98,29,35,58,59,131,19,114,108,3979,3974
$IRPROXIMITY,8,39718,99,26,34,53,55,128,19,117,93,3978,3969
$IRPROXIMITY,9,39817,94,33,35,59,55,119,14,122,109,3977,3972
$POSITION,73
$IRPROXIMITY,0,40510,99,24,28,40,34,98,7,117,85,3977,3975
$IRPROXIMITY,1,40642,96,31,31,53,57,125,27,111,103,3977,3971
$IRPROXIMITY,2,40708,92,28,29,62,59,120,25,122,107,3977,3971
$IRPROXIMITY,3,40840,100,36,31,59,65,128,23,124,98,3979,3971
$IRPROXIMITY,4,40939,99,23,31,56,61,119,21,118,99,3979,3971
$IRPROXIMITY,5,41005,95,29,30,54,61,129,18,130,107,3976,3971
$IRPROXIMITY,6,41104,95,32,29,53,56,123,24,115,103,3975,3971
$IRPROXIMITY,7,41203,92,27,39,63,56,123,16,124,107,3978,3972
$IRPROXIMITY,8,41302,95,31,37,62,54,118,14,123,104,3977,3969
$IRPROXIMITY,9,41434,94,36,35,56,55,125,19,123,108,3978,3972
$POSITION,74
$IRPROXIMITY,0,42358,87,29,20,54,30,104,7,116,76,3978,3975
$IRPROXIMITY,1,42424,93,25,37,54,63,126,22,122,105,3979,3972
$IRPROXIMITY,2,42523,96,28,36,60,62,132,14,124,103,3978,3974
$IRPROXIMITY,3,42655,100,31,33,56,62,122,15,127,104,3979,3971
$IRPROXIMITY,4,42721,101,33,35,59,51,116,26,116,108,3979,3971
$IRPROXIMITY,5,42853,100,40,32,48,53,121,24,114,101,3980,3973
$IRPROXIMITY,6,42952,93,22,40,56,55,122,23,137,104,3980,3975
$IRPROXIMITY,7,43051,94,31,33,63,57,122,17,134,101,3980,3974
$IRPROXIMITY,8,43150,99,29,27,59,55,128,19,110,104,3979,3973
$IRPROXIMITY,9,43216,98,26,36,54,55,129,21,120,108,3978,3973
$POSITION,75
$IRPROXIMITY,0,44173,93,20,35,48,34,103,5,119,78,3975,3974
$IRPROXIMITY,1,44305,95,31,32,56,56,120,17,123,106,3978,3973
$IRPROXIMITY,2,44404,93,28,35,50,54,121,22,108,106,3977,3971
$IRPROXIMITY,3,44470,90,29,43,57,54,127,20,124,102,3977,3970
$IRPROXIMITY,4,44602,101,35,43,54,56,122,22,118,106,3978,3970
$IRPROXIMITY,5,44668,96,29,35,54,53,130,27,120,100,3977,3969
$IRPROXIMITY,6,44767,88,31,37,60,60,122,22,127,108,3977,3973
$IRPROXIMITY,7,44899,93,30,31,51,58,124,20,128,106,3978,3972
$IRPROXIMITY,8,44965,97,29,33,57,57,124,14,103,94,3978,3971
$IRPROXIMITY,9,45064,99,32,33,60,56,128,27,117,96,3977,3973
$POSITION,76
$IRPROXIMITY,0,46153,86,27,23,51,36,103,13,117,105,3977,3974
$IRPROXIMITY,1,46252,99,30,34,62,53,123,13,114,106,3976,3971
$IRPROXIMITY,2,46318,98,32,31,55,53,127,21,130,103,3977,3971
$IRPROXIMITY,3,46450,98,30,36,62,56,129,20,121,98,3979,3970
$IRPROXIMITY,4,46516,98,34,28,61,56,126,17,116,104,3978,3969
$IRPROXIMITY,5,46615,101,29,33,52,60,127,23,124,97,3978,3971
$IRPROXIMITY,6,46747,91,29,31,54,59,127,14,114,104,3978,3974
$IRPROXIMITY,7,46813,92,30,35,60,52,122,22,120,104,3977,3969
$IRPROXIMITY,8,46945,93,24,39,59,54,122,19,127,100,3976,3974
$IRPROXIMITY,9,47011,91,35,37,62,57,119,20,124,106,3979,3970
$POSITION,77
$IRPROXIMITY,0,47902,90,30,39,50,52,103,23,112,104,3977,3971
$IRPROXIMITY,1,47968,93,34,36,55,51,121,17,118,93,3977,3972
$IRPROXIMITY,2,48100,97,31,29,55,56,126,20,122,99,3978,3970
$IRPROXIMITY,3,48166,95,30,37,60,58,120,26,109,106,3978,3970
$IRPROXIMITY,4,48298,98,30,35,65,63,120,23,119,107,3978,3971
$IRPROXIMITY,5,48397,94,26,36,59,58,121,19,111,105,3977,3972
$IRPROXIMITY,6,48496,92,34,39,56,52,128,17,125,102,3978,3971
$IRPROXIMITY,7,48595,100,31,41,55,55,128,28,103,98,3978,3973
$IRPROXIMITY,8,48661,100,31,32,50,53,126,23,121,105,3978,3970
$IRPROXIMITY,9,48760,96,25,31,61,55,123,21,114,102,3978,3974
$POSITION,78
$IRPROXIMITY,0,49552,86,24,25,51,41,98,18,108,108,3977,3975
$IRPROXIMITY,1,49651,93,31,32,63,60,126,16,116,104,3978,3972
$IRPROXIMITY,2,49750,99,26,37,56,58,113,19,111,99,3978,3974
$IRPROXIMITY,3,49849,98,34,35,56,55,126,19,107,94,3975,3972
$IRPROXIMITY,4,49948,92,25,34,61,56,128,15,119,106,3978,3974
$IRPROXIMITY,5,50047,95,35,33,59,59,126,19,133,106,3979,3973
$IRPROXIMITY,6,50146,102,24,36,56,51,127,22,130,103,3978,3975
$IRPROXIMITY,7,50245,98,32,41,51,55,123,26,125,100,3977,3972
$IRPROXIMITY,8,50311,103,31,37,54,60,129,26,104,100,3979,3972
$IRPROXIMITY,9,50443,89,37,40,64,60,121,22,108,106,3976,3970
$POSITION,79
$IRPROXIMITY,0,51169,89,30,22,38,37,89,6,111,82,3977,3974
$IRPROXIMITY,1,51268,101,33,36,56,57,122,21,128,100,3978,3973
$IRPROXIMITY,2,51334,97,32,35,49,53,114,14,103,105,3977,3972
$IRPROXIMITY,3,51466,95,30,29,49,55,125,20,118,105,3978,3971
$IRPROXIMITY,4,51499,99,34,27,51,53,121,20,115,100,3978,3975
$IRPROXIMITY,5,51631,88,31,29,61,59,121,19,114,103,3978,3971
$IRPROXIMITY,6,51730,100,29,36,50,51,126,25,118,100,3978,3970
$IRPROXIMITY,7,51829,97,25,34,55,47,126,22,129,105,3978,3970
$IRPROXIMITY,8,51928,95,29,34,60,53,127,22,127,99,3978,3971
$IRPROXIMITY,9,52060,93,21,37,62,52,123,18,126,105,3977,3974
$POSITION,80
$IRPROXIMITY,0,53149,94,22,31,41,54,86,16,120,102,3976,3973
$IRPROXIMITY,1,53248,100,33,36,46,55,120,19,120,102,3979,3973
$IRPROXIMITY,2,53347,93,22,39,51,57,131,21,129,97,3979,3976
$IRPROXIMITY,3,53446,90,28,39,50,53,121,25,132,108,3977,3971
$IRPROXIMITY,4,53545,93,25,38,43,57,122,21,109,94,3978,3974
$IRPROXIMITY,5,53611,93,33,40,55,52,122,19,132,108,3977,3968
$IRPROXIMITY,6,53710,96,29,31,57,52,120,22,137,107,3977,3973
$IRPROXIMITY,7,53809,96,25,33,56,54,125,17,124,102,3977,3970
$IRPROXIMITY,8,53941,89,25,34,54,50,116,24,130,105,3978,3972
$IRPROXIMITY,9,54040,93,25,33,52,61,129,16,131,102,3977,3973
$POSITION,81
$IRPROXIMITY,0,54997,96,26,30,46,42,118,7,125,83,3978,3973
$IRPROXIMITY,1,55096,95,34,33,50,59,122,24,108,107,3977,3971
$IRPROXIMITY,2,55228,95,28,37,56,52,126,23,125,103,3978,3972
$IRPROXIMITY,3,55294,88,32,41,57,55,121,17,120,97,3978,3970
$IRPROXIMITY,4,55393,90,30,35,61,58,121,22,136,106,3977,3974
$IRPROXIMITY,5,55525,91,31,39,56,56,121,24,129,104,3976,3972
$IRPROXIMITY,6,55591,98,34,38,52,56,131,14,128,99,3978,3970
$IRPROXIMITY,7,55690,94,31,33,57,55,127,21,127,94,3978,3971
$IRPROXIMITY,8,55822,95,35,36,54,51,126,17,124,105,3977,3973
$IRPROXIMITY,9,55921,95,29,30,62,61,116,20,125,105,3978,3969
$POSITION,82
$IRPROXIMITY,0,56845,98,30,25,40,50,87,17,123,87,3976,3975
$IRPROXIMITY,1,56911,102,33,21,54,56,121,20,114,106,3978,3973
$IRPROXIMITY,2,57010,94,19,34,59,48,121,16,133,108,3978,3972
$IRPROXIMITY,3,57142,94,27,37,54,48,122,19,113,104,3978,3973
$IRPROXIMITY,4,57241,92,35,35,55,49,118,25,126,104,3979,3973
$IRPROXIMITY,5,57340,95,20,38,56,58,118,22,132,107,3979,3972
$IRPROXIMITY,6,57439,97,28,32,57,57,122,14,124,105,3979,3971
$IRPROXIMITY,7,57505,91,29,36,63,57,127,19,117,102,3979,3976
$IRPROXIMITY,8,57604,97,27,30,55,55,122,23,121,103,3978,3970
$IRPROXIMITY,9,57703,98,35,36,53,60,122,25,124,102,3977,3974
$POSITION,83
$IRPROXIMITY,0,58495,90,40,25,41,27,101,2,113,87,3976,3973
$IRPROXIMITY,1,58594,96,31,34,62,57,124,21,125,104,3979,3972
$IRPROXIMITY,2,58660,94,32,38,58,49,119,28,113,100,3979,3973
$IRPROXIMITY,3,58792,100,29,35,54,53,122,14,118,99,3979,3974
$IRPROXIMITY,4,58858,91,35,34,55,52,129,14,122,96,3978,3972
$IRPROXIMITY,5,58990,97,29,33,58,57,122,25,116,98,3976,3971
$IRPROXIMITY,6,59056,97,31,31,56,48,121,13,117,104,3977,3972
$IRPROXIMITY,7,59155,97,24,37,54,57,124,17,123,103,3976,3973
$IRPROXIMITY,8,59287,94,33,37,56,57,118,26,121,107,3977,3970
$IRPROXIMITY,9,59353,96,26,36,59,53,123,22,118,104,3978,3977
$POSITION,84
$IRPROXIMITY,0,60145,88,23,28,38,32,88,7,114,92,3976,3975
$IRPROXIMITY,1,60211,102,29,40,57,56,122,18,132,105,3979,3972
$IRPROXIMITY,2,60310,100,32,37,58,56,121,17,127,104,3978,3970
$IRPROXIMITY,3,60376,95,34,39,52,55,118,24,112,102,3978,3972
$IRPROXIMITY,4,60508,95,32,36,56,59,125,23,116,97,3978,3971
$IRPROXIMITY,5,60574,97,29,38,58,52,123,21,121,102,3979,3969
$IRPROXIMITY,6,60706,93,24,30,53,56,126,23,108,99,3979,3973
$IRPROXIMITY,7,60805,100,32,36,48,51,122,19,128,96,3979,3973
$IRPROXIMITY,8,60937,96,30,35,53,57,124,20,122,105,3979,3972
$IRPROXIMITY,9,61003,93,32,34,50,51,123,23,120,101,3979,3975
$POSITION,85
$IRPROXIMITY,0,61927,102,21,32,36,33,86,8,95,88,3977,3973
$IRPROXIMITY,1,62059,98,32,35,48,57,125,24,124,102,3976,3972
$IRPROXIMITY,2,62158,88,31,36,51,50,129,23,116,103,3979,3975
$IRPROXIMITY,3,62224,92,29,32,53,56,125,17,121,98,3978,3970
$IRPROXIMITY,4,62323,102,34,35,53,55,122,26,131,103,3976,3972
$IRPROXIMITY,5,62422,96,33,32,51,58,123,22,120,102,3978,3970
$IRPROXIMITY,6,62521,98,27,32,42,53,126,22,119,99,3976,3972
$IRPROXIMITY,7,62653,94,31,37,60,51,124,25,135,97,3977,3970
$IRPROXIMITY,8,62719,98,30,28,55,51,122,22,125,101,3977,3972
$IRPROXIMITY,9,62818,95,33,37,57,55,121,23,126,102,3977,3971
$POSITION,86
$IRPROXIMITY,0,63577,97,25,29,41,23,107,8,110,84,3978,3974
$IRPROXIMITY,1,63709,99,29,31,56,62,130,21,111,103,3979,3972
$IRPROXIMITY,2,63808,97,27,38,54,49,120,25,138,102,3978,3972
$IRPROXIMITY,3,63907,96,34,36,63,47,118,27,125,98,3977,3975
$IRPROXIMITY,4,64006,95,28,36,55,56,118,20,125,103,3978,3973
$IRPROXIMITY,5,64072,97,27,39,54,49,122,21,131,109,3976,3972
$IRPROXIMITY,6,64171,97,27,29,56,51,122,17,110,107,3980,3971
$IRPROXIMITY,7,64270,98,27,33,57,56,123,21,109,102,3976,3972
$IRPROXIMITY,8,64369,91,31,33,62,53,120,17,133,105,3976,3973
$IRPROXIMITY,9,64501,97,28,33,51,53,129,25,120,101,3978,3972
$POSITION,87
$IRPROXIMITY,0,65260,90,23,21,43,39,106,4,117,107,3977,3973
$IRPROXIMITY,1,65359,97,32,38,48,57,124,16,106,103,3979,3975
$IRPROXIMITY,2,65425,95,29,36,57,57,121,24,104,103,3980,3972
$IRPROXIMITY,3,21,87,32,36,60,57,123,18,127,104,3977,3974
$IRPROXIMITY,4,87,94,35,34,56,55,118,17,124,104,3977,3970
$IRPROXIMITY,5,186,96,29,36,56,55,129,25,116,98,3975,3972
$IRPROXIMITY,6,318,96,30,33,59,55,121,16,129,106,3979,3970
$IRPROXIMITY,7,417,93,27,38,55,55,124,22,118,103,3977,3976
$IRPROXIMITY,8,516,98,33,40,56,53,120,18,131,99,3979,3971
$IRPROXIMITY,9,615,98,31,35,54,53,123,19,121,98,3977,3975
$POSITION,88
$IRPROXIMITY,0,1374,99,30,35,37,48,94,11,111,90,3978,3974
$IRPROXIMITY,1,1440,96,30,36,57,46,120,22,117,106,3977,3971
$IRPROXIMITY,2,1539,96,30,35,52,55,128,26,116,94,3978,3971
$IRPROXIMITY,3,1638,96,31,33,52,55,125,25,115,99,3979,3972
$IRPROXIMITY,4,1770,96,30,39,55,56,127,19,108,102,3979,3972
$IRPROXIMITY,5,1869,97,25,32,52,57,130,18,100,99,3977,3971
$IRPROXIMITY,6,1902,88,27,38,56,46,122,26,126,107,3977,3971
$IRPROXIMITY,7,2001,92,32,34,46,54,125,19,127,109,3978,3972
$IRPROXIMITY,8,2133,90,24,39,54,56,118,16,126,105,3980,3972
$IRPROXIMITY,9,2199,97,28,30,50,57,117,20,116,106,3979,3971
$POSITION,89
$IRPROXIMITY,0,3024,88,27,20,40,28,98,1,119,74,3977,3975
$IRPROXIMITY,1,3090,94,27,35,53,54,120,15,129,108,3979,3971
$IRPROXIMITY,2,3189,103,29,35,56,54,124,14,104,104,3977,3972
$IRPROXIMITY,3,3288,93,31,37,53,53,123,24,112,97,3978,3971
$IRPROXIMITY,4,3387,99,34,33,54,51,126,18,124,101,3976,3972
$IRPROXIMITY,5,3519,90,30,37,48,52,125,24,107,102,3978,3968
$IRPROXIMITY,6,3618,92,27,37,51,51,129,24,127,100,3977,3974
$IRPROXIMITY,7,3717,94,25,35,54,52,125,24,126,104,3976,3972
$IRPROXIMITY,8,3816,100,20,30,58,53,127,24,123,101,3977,3974
$IRPROXIMITY,9,3882,85,29,37,59,49,121,20,122,105,3978,3970
$POSITION,90
$IRPROXIMITY,0,4674,87,24,21,46,36,97,8,112,110,3976,3974
$IRPROXIMITY,1,4740,93,32,37,52,49,128,19,106,99,3976,3972
$IRPROXIMITY,2,4839,89,26,39,57,49,116,13,127,105,3978,3973
$IRPROXIMITY,3,4971,92,32,34,53,55,129,24,119,90,3977,3975
$IRPROXIMITY,4,5070,96,29,31,61,58,123,16,118,103,3979,3972
$IRPROXIMITY,5,5136,95,32,34,61,54,120,18,129,105,3977,3971
$IRPROXIMITY,6,5268,95,32,36,57,49,122,15,128,104,3978,3969
$IRPROXIMITY,7,5334,100,33,32,51,54,125,20,124,100,3979,3971
$IRPROXIMITY,8,5466,97,29,34,52,53,117,17,123,97,3979,3970
$IRPROXIMITY,9,5532,92,29,37,56,59,123,11,129,104,3980,3972
$POSITION,91
$IRPROXIMITY,0,6291,92,23,20,42,28,100,6,97,91,3976,3975
$IRPROXIMITY,1,6390,97,26,31,57,57,121,16,104,103,3976,3972
$IRPROXIMITY,2,6489,97,31,34,56,51,125,17,112,100,3979,3968
$IRPROXIMITY,3,6588,96,30,34,51,54,125,19,115,96,3976,3969
$IRPROXIMITY,4,6687,93,30,40,56,56,122,21,122,103,3977,3970
$IRPROXIMITY,5,6753,98,32,32,52,50,124,19,120,106,3979,3971
$IRPROXIMITY,6,6852,96,28,37,59,49,117,16,120,105,3979,3971
$IRPROXIMITY,7,6984,94,31,38,55,54,128,24,115,96,3979,3974
$IRPROXIMITY,8,7050,95,33,30,50,55,122,22,120,105,3976,3976
$IRPROXIMITY,9,7182,96,30,37,56,55,122,24,118,107,3978,3970
$POSITION,92
$IRPROXIMITY,0,7908,86,33,22,45,21,103,7,110,84,3976,3974
$IRPROXIMITY,1,7974,104,33,31,62,44,120,16,127,108,3975,3971
$IRPROXIMITY,2,8106,94,32,34,57,51,117,17,120,105,3977,3969
$IRPROXIMITY,3,8205,89,26,38,49,53,119,18,112,104,3977,3972
$IRPROXIMITY,4,8304,93,32,35,54,54,126,26,119,102,3975,3971
$IRPROXIMITY,5,8403,95,26,28,47,48,120,20,115,99,3978,3970
$IRPROXIMITY,6,8469,96,30,37,60,56,120,18,123,105,3977,3970
$IRPROXIMITY,7,8568,99,29,37,58,48,130,22,116,103,3977,3969
$IRPROXIMITY,8,8667,93,31,34,57,51,130,17,123,104,3978,3969
$IRPROXIMITY,9,8799,95,34,38,56,50,117,22,125,106,3977,3972
$POSITION,93
$IRPROXIMITY,0,9657,99,27,40,36,38,92,13,109,83,3976,3974
$IRPROXIMITY,1,9723,92,33,39,53,54,127,22,116,104,3978,3972
$IRPROXIMITY,2,9822,98,30,34,48,53,124,23,128,105,3976,3975
$IRPROXIMITY,3,9921,95,29,31,56,55,122,26,124,96,3977,3971
$IRPROXIMITY,4,10020,97,20,33,56,52,123,19,122,96,3978,3975
$IRPROXIMITY,5,10152,90,31,37,55,53,121,24,114,104,3977,3970
$IRPROXIMITY,6,10185,100,32,34,52,55,122,16,119,103,3976,3972
$IRPROXIMITY,7,10317,98,34,44,57,42,122,12,119,103,3977,3970
$IRPROXIMITY,8,10383,97,28,35,57,53,121,21,113,103,3976,3972
$IRPROXIMITY,9,10515,89,22,32,56,54,124,18,121,100,3977,3972
$POSITION,94
$IRPROXIMITY,0,11307,95,28,24,41,31,106,7,114,98,3976,3976
$IRPROXIMITY,1,11373,98,25,35,56,56,119,18,113,104,3977,3974
$IRPROXIMITY,2,11472,96,32,38,53,55,127,19,120,103,3976,3971
$IRPROXIMITY,3,11604,90,29,30,56,56,126,15,101,106,3979,3974
$IRPROXIMITY,4,11670,92,25,36,54,53,117,22,122,104,3978,3970
$IRPROXIMITY,5,11769,91,31,28,55,54,128,24,102,102,3976,3971
$IRPROXIMITY,6,11868,97,31,40,55,53,127,15,109,104,3978,3970
$IRPROXIMITY,7,11967,96,33,36,54,51,117,19,127,106,3976,3971
$IRPROXIMITY,8,12066,100,30,36,57,54,118,21,108,105,3976,3971
$IRPROXIMITY,9,12198,98,32,35,58,44,121,24,110,105,3978,3973
$POSITION,95
$IRPROXIMITY,0,12891,96,25,30,36,31,88,6,113,80,3975,3974
$IRPROXIMITY,1,12990,100,30,38,59,53,116,20,109,106,3978,3972
$IRPROXIMITY,2,13089,90,25,31,50,59,128,15,129,94,3978,3973
$IRPROXIMITY,3,13221,83,28,37,54,50,118,21,121,98,3979,3974
$IRPROXIMITY,4,13287,87,30,37,61,51,119,25,129,102,3977,3970
$IRPROXIMITY,5,13386,101,29,35,57,51,118,21,127,107,3975,3971
$IRPROXIMITY,6,13485,92,34,28,55,51,122,24,120,93,3978,3972
$IRPROXIMITY,7,13584,99,32,30,51,53,125,17,119,95,3976,3972
$IRPROXIMITY,8,13716,95,35,35,55,43,122,14,117,104,3977,3971
$IRPROXIMITY,9,13815,92,20,38,55,50,126,24,126,94,3979,3976
$POSITION,96
$IRPROXIMITY,0,14574,88,26,24,36,49,92,6,110,88,3976,3975
$IRPROXIMITY,1,14640,98,33,27,56,46,127,13,114,108,3979,3973
$IRPROXIMITY,2,14739,97,29,33,54,54,122,16,114,97,3978,3971
$IRPROXIMITY,3,14838,96,30,24,57,43,123,17,119,99,3978,3973
$IRPROXIMITY,4,14970,100,36,33,52,49,124,16,125,96,3978,3969
$IRPROXIMITY,5,15069,99,28,36,53,51,126,18,123,94,3977,3973
$IRPROXIMITY,6,15135,97,33,30,53,57,123,18,113,94,3978,3970
$IRPROXIMITY,7,15234,96,33,32,51,56,124,22,124,106,3978,3971
$IRPROXIMITY,8,15333,95,31,36,60,51,118,20,128,101,3978,3971
$IRPROXIMITY,9,15432,96,30,37,59,51,119,22,114,107,3978,3971
$POSITION,97
$IRPROXIMITY,0,16158,91,25,29,29,35,108,4,106,67,3978,3973
$IRPROXIMITY,1,16257,99,31,34,49,54,128,24,113,95,3976,3971
$IRPROXIMITY,2,16389,96,26,34,48,54,123,23,130,103,3979,3971
$IRPROXIMITY,3,16455,88,30,38,54,55,121,23,110,100,3977,3972
$IRPROXIMITY,4,16587,92,27,34,54,44,124,23,119,106,3978,3970
$IRPROXIMITY,5,16686,91,29,37,58,53,116,20,127,109,3978,3971
$IRPROXIMITY,6,16752,96,25,35,51,48,119,23,136,97,3976,3967
$IRPROXIMITY,7,16851,91,24,29,56,50,118,15,124,105,3976,3971
$IRPROXIMITY,8,16950,92,30,35,53,50,116,21,115,105,3977,3971
$IRPROXIMITY,9,17049,96,28,31,45,49,129,21,126,101,3977,3971
$POSITION,98
$IRPROXIMITY,0,17775,94,26,22,30,23,95,9,121,75,3978,3974
$IRPROXIMITY,1,17874,93,27,36,56,53,122,17,113,101,3976,3974
$IRPROXIMITY,2,17973,103,28,29,59,53,118,14,124,97,3979,3971
$IRPROXIMITY,3,18105,89,29,36,55,59,122,14,117,102,3977,3974
$IRPROXIMITY,4,18204,100,28,35,54,55,123,16,113,102,3979,3973
$IRPROXIMITY,5,18303,96,35,38,52,49,120,18,122,99,3978,3972
$IRPROXIMITY,6,18369,92,31,37,53,54,121,15,115,102,3978,3971
$IRPROXIMITY,7,18435,92,26,31,53,55,120,19,104,105,3976,3971
$IRPROXIMITY,8,18567,94,34,39,48,51,118,21,119,105,3975,3971
$IRPROXIMITY,9,18666,96,28,41,46,47,127,21,123,100,3979,3973
$POSITION,99
$IRPROXIMITY,0,19425,81,31,23,37,22,103,4,107,87,3976,3974
$IRPROXIMITY,1,19524,101,28,33,55,51,125,22,126,104,3977,3970
$IRPROXIMITY,2,19623,95,30,34,58,55,129,25,120,103,3976,3974
$IRPROXIMITY,3,19689,90,26,32,58,55,118,19,127,103,3979,3972
$IRPROXIMITY,4,19788,90,27,34,57,52,121,23,102,100,3974,3970
$IRPROXIMITY,5,19920,99,33,32,54,50,124,25,124,99,3978,3970
$IRPROXIMITY,6,20019,95,23,37,54,50,121,19,123,105,3978,3976
$IRPROXIMITY,7,20118,89,27,37,55,54,121,21,117,102,3976,3970
$IRPROXIMITY,8,20217,91,22,33,57,52,127,12,110,106,3977,3973
$IRPROXIMITY,9,20283,94,31,39,57,48,115,23,118,102,3977,3968
$POSITION,100
$IRPROXIMITY,0,21042,92,25,26,53,25,90,1,123,77,3976,3975
$IRPROXIMITY,1,21141,95,32,32,57,51,117,21,124,106,3978,3972
$IRPROXIMITY,2,21240,96,27,28,58,54,117,14,126,103,3978,3971
$IRPROXIMITY,3,21339,93,30,31,56,53,127,21,112,100,3977,3973
$IRPROXIMITY,4,21438,97,29,28,52,56,127,20,120,99,3977,3973
$IRPROXIMITY,5,21504,94,29,28,56,52,120,15,120,97,3979,3970
$IRPROXIMITY,6,21603,93,27,31,51,57,124,10,120,93,3978,3974
$IRPROXIMITY,7,21702,93,34,40,54,48,128,14,121,97,3977,3973
$IRPROXIMITY,8,21801,91,30,38,52,47,120,18,107,107,3976,3968
$IRPROXIMITY,9,21933,92,32,30,55,57,119,17,129,100,3979,3972
